3.489    0
2.956    81.1
3.489    58.3
2.956    73.8
3.489   112.5
2.956    68.0
3.489    69.9
2.956    47.0
3.489   135.4
2.956    76.0
3.489    91.8
2.956    61.2
3.489    87.0
2.956   102.2
3.489    88.3
2.956   125.0
3.489    68.7
2.956   124.1
3.489    22.6
2.956   108.3
3.489    83.0
2.956   119.8
3.489    33.1
2.956   135.0
3.489    13.6
2.956   121.8
3.489    40.3
2.956    94.5
3.489    84.8
2.956   101.7
3.489    75.8
2.956    85.8
3.489    71.3
2.956   137.3
3.489    42.4
2.956   124.3
3.489    69.4
2.956   101.3
3.489    89.0
2.956    85.7
3.489    57.6
2.956   109.6
3.489    56.5
2.956    95.3
3.489    80.9
2.956    91.8
3.489    81.6
2.956    79.8
3.489    59.4
2.956   109.9
3.489    81.7
2.956   115.1
3.489    33.3
2.956    69.1
3.489    68.3
2.956   128.9
3.489    44.4
2.956   111.9
3.489    73.2
2.956    69.8
3.489   106.2
2.956    42.9
3.489    90.1
2.956    57.1
3.489    88.3
2.956    69.8
3.489    82.3
2.956   109.5
3.489    60.2
2.956   108.2
3.489    66.5
2.956    95.9
3.489    93.6
2.956    60.7
3.489    92.3
2.956    71.2
3.489    66.6
2.956   106.7
3.489    84.4
2.956    92.7
3.489    65.2
2.956   102.2
3.489    51.5
2.956   112.9
3.489    32.0
2.956   129.3
3.489    65.1
2.956   105.6
3.489    43.4
2.956   112.4
3.489    32.4
2.956   154.3
3.489    43.3
2.956   146.7
3.489     3.9
2.956   124.1
3.489    35.6
2.956   106.3
3.489    37.4
2.956   136.5
3.489    58.9
2.956   115.6
3.489    29.7
2.956   139.7
3.489     9.7
2.956   174.9
3.489     4.0
2.956   177.2
3.489    11.9
2.956   147.2
3.489    40.1
2.956    78.5
3.489    60.6
2.956   107.3
3.489    36.6
2.956   188.9
3.489     4.1
2.956   127.8
3.489    19.6
2.956   127.4
3.489    19.9
2.956   112.3
3.489    45.5
2.956   130.7
3.489    17.2
2.956   175.6
3.489     4.0
2.956   132.9
3.489    15.4
2.956   146.7
3.489     3.9
2.956   154.1
3.489     3.9
2.956   178.1
3.489     4.0
2.956   161.3
3.489     5.8
2.956   146.7
3.489     3.9
2.956   146.3
3.489     4.3
2.640    99.9
2.485   212.3
1.534   171.9
1.000   0
       