1.1500e+03 -1.0958e+04
1.1498e+03 -1.3428e+04
1.1495e+03 -1.5606e+04
1.1493e+03 -1.5000e+04
1.1490e+03 -1.4355e+04
1.1488e+03 -1.3683e+04
1.1485e+03 -1.2994e+04
1.1483e+03 -1.2298e+04
1.1481e+03 -1.1602e+04
1.1478e+03 -1.0911e+04
1.1476e+03 -1.0230e+04
1.1473e+03 -9.5630e+03
1.1471e+03 -8.9127e+03
1.1469e+03 -8.2813e+03
1.1466e+03 -7.6701e+03
1.1464e+03 -7.0802e+03
1.1461e+03 -6.5120e+03
1.1459e+03 -5.9660e+03
1.1457e+03 -5.4422e+03
1.1454e+03 -4.9403e+03
1.1452e+03 -4.4601e+03
1.1449e+03 -4.0011e+03
1.1447e+03 -3.5629e+03
1.1445e+03 -3.1451e+03
1.1442e+03 -2.7470e+03
1.1440e+03 -2.3681e+03
1.1437e+03 -2.0080e+03
1.1435e+03 -1.6662e+03
1.1433e+03 -1.3421e+03
1.1430e+03 -1.0354e+03
1.1428e+03 -7.4577e+02
1.1425e+03 -4.7280e+02
1.1423e+03 -2.1623e+02
1.1421e+03 2.4171e+01
1.1418e+03 2.4859e+02
1.1416e+03 4.5717e+02
1.1413e+03 6.5002e+02
1.1411e+03 8.2723e+02
1.1409e+03 9.8882e+02
1.1406e+03 1.1348e+03
1.1404e+03 1.2652e+03
1.1401e+03 1.3800e+03
1.1399e+03 1.4792e+03
1.1397e+03 1.5627e+03
1.1394e+03 1.6306e+03
1.1392e+03 1.6827e+03
1.1390e+03 1.7192e+03
1.1387e+03 1.7402e+03
1.1385e+03 1.7456e+03
1.1382e+03 1.7356e+03
1.1380e+03 1.7105e+03
1.1378e+03 1.6704e+03
1.1375e+03 1.6157e+03
1.1373e+03 1.5467e+03
1.1371e+03 1.4640e+03
1.1368e+03 1.3679e+03
1.1366e+03 1.2591e+03
1.1364e+03 1.1382e+03
1.1361e+03 1.0060e+03
1.1359e+03 8.6321e+02
1.1356e+03 7.1063e+02
1.1354e+03 5.4912e+02
1.1352e+03 3.7953e+02
1.1349e+03 2.0273e+02
1.1347e+03 1.9547e+01
1.1345e+03 -1.6923e+02
1.1342e+03 -3.6289e+02
1.1340e+03 -5.6085e+02
1.1338e+03 -7.6268e+02
1.1335e+03 -9.6815e+02
1.1333e+03 -1.1773e+03
1.1330e+03 -1.3905e+03
1.1328e+03 -1.6084e+03
1.1326e+03 -1.8325e+03
1.1323e+03 -2.0645e+03
1.1321e+03 -2.3070e+03
1.1319e+03 -2.5636e+03
1.1316e+03 -2.8390e+03
1.1314e+03 -3.1392e+03
1.1312e+03 -3.4719e+03
1.1309e+03 -3.8467e+03
1.1307e+03 -4.2758e+03
1.1305e+03 -4.7744e+03
1.1302e+03 -5.3609e+03
1.1300e+03 -6.0582e+03
1.1298e+03 -6.8936e+03
1.1295e+03 -7.8999e+03
1.1293e+03 -9.1148e+03
1.1291e+03 -1.0581e+04
1.1288e+03 -1.2346e+04
1.1286e+03 -1.4453e+04
1.1284e+03 -1.6942e+04
1.1281e+03 -1.9832e+04
1.1279e+03 -2.3102e+04
1.1277e+03 -2.6667e+04
1.1274e+03 -3.0338e+04
1.1272e+03 -3.3780e+04
1.1270e+03 -3.6478e+04
1.1267e+03 -3.7735e+04
1.1265e+03 -3.6741e+04
1.1263e+03 -3.2745e+04
1.1260e+03 -2.5337e+04
1.1258e+03 -1.4749e+04
1.1256e+03 -2.0094e+03
1.1253e+03 1.1193e+04
1.1251e+03 2.2966e+04
1.1249e+03 3.1781e+04
1.1246e+03 3.6874e+04
1.1244e+03 3.8307e+04
1.1242e+03 3.6748e+04
1.1239e+03 3.3136e+04
1.1237e+03 2.8395e+04
1.1235e+03 2.3277e+04
1.1233e+03 1.8305e+04
1.1230e+03 1.3789e+04
1.1228e+03 9.8785e+03
1.1226e+03 6.6109e+03
1.1223e+03 3.9568e+03
1.1221e+03 1.8518e+03
1.1219e+03 2.1784e+02
1.1216e+03 -1.0242e+03
1.1214e+03 -1.9472e+03
1.1212e+03 -2.6150e+03
1.1209e+03 -3.0816e+03
1.1207e+03 -3.3912e+03
1.1205e+03 -3.5797e+03
1.1203e+03 -3.6757e+03
1.1200e+03 -3.7017e+03
1.1198e+03 -3.6756e+03
1.1196e+03 -3.6109e+03
1.1193e+03 -3.5182e+03
1.1191e+03 -3.4058e+03
1.1189e+03 -3.2799e+03
1.1186e+03 -3.1452e+03
1.1184e+03 -3.0053e+03
1.1182e+03 -2.8628e+03
1.1180e+03 -2.7198e+03
1.1177e+03 -2.5776e+03
1.1175e+03 -2.4373e+03
1.1173e+03 -2.2998e+03
1.1170e+03 -2.1653e+03
1.1168e+03 -2.0343e+03
1.1166e+03 -1.9070e+03
1.1164e+03 -1.7833e+03
1.1161e+03 -1.6633e+03
1.1159e+03 -1.5469e+03
1.1157e+03 -1.4341e+03
1.1154e+03 -1.3246e+03
1.1152e+03 -1.2184e+03
1.1150e+03 -1.1153e+03
1.1148e+03 -1.0150e+03
1.1145e+03 -9.1743e+02
1.1143e+03 -8.2239e+02
1.1141e+03 -7.2969e+02
1.1139e+03 -6.3914e+02
1.1136e+03 -5.5056e+02
1.1134e+03 -4.6376e+02
1.1132e+03 -3.7856e+02
1.1129e+03 -2.9478e+02
1.1127e+03 -2.1224e+02
1.1125e+03 -1.3075e+02
1.1123e+03 -5.0138e+01
1.1120e+03 2.9779e+01
1.1118e+03 1.0919e+02
1.1116e+03 1.8828e+02
1.1114e+03 2.6723e+02
1.1111e+03 3.4626e+02
1.1109e+03 4.2557e+02
1.1107e+03 5.0536e+02
1.1105e+03 5.8585e+02
1.1102e+03 6.6730e+02
1.1100e+03 7.4994e+02
1.1098e+03 8.3403e+02
1.1095e+03 9.1987e+02
1.1093e+03 1.0077e+03
1.1091e+03 1.0980e+03
1.1089e+03 1.1910e+03
1.1086e+03 1.2870e+03
1.1084e+03 1.3867e+03
1.1082e+03 1.4903e+03
1.1080e+03 1.5984e+03
1.1077e+03 1.7115e+03
1.1075e+03 1.8304e+03
1.1073e+03 1.9556e+03
1.1071e+03 2.0879e+03
1.1068e+03 2.2283e+03
1.1066e+03 2.3776e+03
1.1064e+03 2.5370e+03
1.1062e+03 2.7076e+03
1.1060e+03 2.8909e+03
1.1057e+03 3.0883e+03
1.1055e+03 3.3018e+03
1.1053e+03 3.5333e+03
1.1051e+03 3.7852e+03
1.1048e+03 4.0600e+03
1.1046e+03 4.3610e+03
1.1044e+03 4.6917e+03
1.1042e+03 5.0561e+03
1.1039e+03 5.4591e+03
1.1037e+03 5.9064e+03
1.1035e+03 6.4045e+03
1.1033e+03 6.9612e+03
1.1030e+03 7.5856e+03
1.1028e+03 8.2887e+03
1.1026e+03 9.0835e+03
1.1024e+03 9.9856e+03
1.1022e+03 1.1014e+04
1.1019e+03 1.2191e+04
1.1017e+03 1.3544e+04
1.1015e+03 1.5107e+04
1.1013e+03 1.6923e+04
1.1010e+03 1.9041e+04
1.1008e+03 2.1525e+04
1.1006e+03 2.4454e+04
1.1004e+03 2.7929e+04
1.1002e+03 3.2072e+04
1.0999e+03 3.7040e+04
1.0997e+03 4.3031e+04
1.0995e+03 5.0292e+04
1.0993e+03 5.9130e+04
1.0990e+03 6.9922e+04
1.0988e+03 8.3115e+04
1.0986e+03 9.9207e+04
1.0984e+03 1.1869e+05
1.0982e+03 1.4188e+05
1.0979e+03 1.6863e+05
1.0977e+03 1.9772e+05
1.0975e+03 2.2591e+05
1.0973e+03 2.4673e+05
1.0971e+03 2.4982e+05
1.0968e+03 2.2259e+05
1.0966e+03 1.5633e+05
1.0964e+03 5.5394e+04
1.0962e+03 -5.8968e+04
1.0960e+03 -1.5801e+05
1.0957e+03 -2.2181e+05
1.0955e+03 -2.4728e+05
1.0953e+03 -2.4345e+05
1.0951e+03 -2.2262e+05
1.0949e+03 -1.9472e+05
1.0946e+03 -1.6598e+05
1.0944e+03 -1.3952e+05
1.0942e+03 -1.1656e+05
1.0940e+03 -9.7243e+04
1.0938e+03 -8.1266e+04
1.0935e+03 -6.8154e+04
1.0933e+03 -5.7419e+04
1.0931e+03 -4.8623e+04
1.0929e+03 -4.1393e+04
1.0927e+03 -3.5427e+04
1.0924e+03 -3.0478e+04
1.0922e+03 -2.6352e+04
1.0920e+03 -2.2893e+04
1.0918e+03 -1.9977e+04
1.0916e+03 -1.7506e+04
1.0914e+03 -1.5402e+04
1.0911e+03 -1.3599e+04
1.0909e+03 -1.2049e+04
1.0907e+03 -1.0709e+04
1.0905e+03 -9.5458e+03
1.0903e+03 -8.5319e+03
1.0900e+03 -7.6446e+03
1.0898e+03 -6.8652e+03
1.0896e+03 -6.1781e+03
1.0894e+03 -5.5703e+03
1.0892e+03 -5.0311e+03
1.0890e+03 -4.5512e+03
1.0887e+03 -4.1230e+03
1.0885e+03 -3.7398e+03
1.0883e+03 -3.3960e+03
1.0881e+03 -3.0870e+03
1.0879e+03 -2.8086e+03
1.0877e+03 -2.5572e+03
1.0874e+03 -2.3298e+03
1.0872e+03 -2.1239e+03
1.0870e+03 -1.9370e+03
1.0868e+03 -1.7672e+03
1.0866e+03 -1.6127e+03
1.0864e+03 -1.4720e+03
1.0861e+03 -1.3438e+03
1.0859e+03 -1.2268e+03
1.0857e+03 -1.1201e+03
1.0855e+03 -1.0226e+03
1.0853e+03 -9.3362e+02
1.0851e+03 -8.5238e+02
1.0848e+03 -7.7822e+02
1.0846e+03 -7.1057e+02
1.0844e+03 -6.4890e+02
1.0842e+03 -5.9274e+02
1.0840e+03 -5.4168e+02
1.0838e+03 -4.9533e+02
1.0836e+03 -4.5335e+02
1.0833e+03 -4.1544e+02
1.0831e+03 -3.8130e+02
1.0829e+03 -3.5069e+02
1.0827e+03 -3.2337e+02
1.0825e+03 -2.9912e+02
1.0823e+03 -2.7776e+02
1.0820e+03 -2.5909e+02
1.0818e+03 -2.4296e+02
1.0816e+03 -2.2920e+02
1.0814e+03 -2.1768e+02
1.0812e+03 -2.0827e+02
1.0810e+03 -2.0083e+02
1.0808e+03 -1.9526e+02
1.0805e+03 -1.9144e+02
1.0803e+03 -1.8927e+02
1.0801e+03 -1.8864e+02
1.0799e+03 -1.8948e+02
1.0797e+03 -1.9169e+02
1.0795e+03 -1.9518e+02
1.0793e+03 -1.9988e+02
1.0791e+03 -2.0571e+02
1.0788e+03 -2.1258e+02
1.0786e+03 -2.2044e+02
1.0784e+03 -2.2920e+02
1.0782e+03 -2.3881e+02
1.0780e+03 -2.4919e+02
1.0778e+03 -2.6029e+02
1.0776e+03 -2.7204e+02
1.0773e+03 -2.8437e+02
1.0771e+03 -2.9724e+02
1.0769e+03 -3.1059e+02
1.0767e+03 -3.2435e+02
1.0765e+03 -3.3847e+02
1.0763e+03 -3.5291e+02
1.0761e+03 -3.6761e+02
1.0759e+03 -3.8252e+02
1.0756e+03 -3.9759e+02
1.0754e+03 -4.1277e+02
1.0752e+03 -4.2803e+02
1.0750e+03 -4.4331e+02
1.0748e+03 -4.5858e+02
1.0746e+03 -4.7379e+02
1.0744e+03 -4.8891e+02
1.0742e+03 -5.0389e+02
1.0740e+03 -5.1871e+02
1.0737e+03 -5.3332e+02
1.0735e+03 -5.4770e+02
1.0733e+03 -5.6182e+02
1.0731e+03 -5.7564e+02
1.0729e+03 -5.8914e+02
1.0727e+03 -6.0230e+02
1.0725e+03 -6.1509e+02
1.0723e+03 -6.2750e+02
1.0721e+03 -6.3949e+02
1.0718e+03 -6.5106e+02
1.0716e+03 -6.6219e+02
1.0714e+03 -6.7286e+02
1.0712e+03 -6.8307e+02
1.0710e+03 -6.9280e+02
1.0708e+03 -7.0204e+02
1.0706e+03 -7.1079e+02
1.0704e+03 -7.1904e+02
1.0702e+03 -7.2679e+02
1.0700e+03 -7.3404e+02
1.0697e+03 -7.4079e+02
1.0695e+03 -7.4703e+02
1.0693e+03 -7.5277e+02
1.0691e+03 -7.5802e+02
1.0689e+03 -7.6278e+02
1.0687e+03 -7.6705e+02
1.0685e+03 -7.7085e+02
1.0683e+03 -7.7418e+02
1.0681e+03 -7.7705e+02
1.0679e+03 -7.7948e+02
1.0677e+03 -7.8147e+02
1.0674e+03 -7.8304e+02
1.0672e+03 -7.8421e+02
1.0670e+03 -7.8498e+02
1.0668e+03 -7.8537e+02
1.0666e+03 -7.8540e+02
1.0664e+03 -7.8509e+02
1.0662e+03 -7.8444e+02
1.0660e+03 -7.8349e+02
1.0658e+03 -7.8224e+02
1.0656e+03 -7.8071e+02
1.0654e+03 -7.7892e+02
1.0652e+03 -7.7689e+02
1.0649e+03 -7.7464e+02
1.0647e+03 -7.7218e+02
1.0645e+03 -7.6953e+02
1.0643e+03 -7.6672e+02
1.0641e+03 -7.6376e+02
1.0639e+03 -7.6066e+02
1.0637e+03 -7.5745e+02
1.0635e+03 -7.5415e+02
1.0633e+03 -7.5076e+02
1.0631e+03 -7.4731e+02
1.0629e+03 -7.4382e+02
1.0627e+03 -7.4030e+02
1.0625e+03 -7.3676e+02
1.0622e+03 -7.3322e+02
1.0620e+03 -7.2970e+02
1.0618e+03 -7.2621e+02
1.0616e+03 -7.2277e+02
1.0614e+03 -7.1938e+02
1.0612e+03 -7.1606e+02
1.0610e+03 -7.1283e+02
1.0608e+03 -7.0969e+02
1.0606e+03 -7.0666e+02
1.0604e+03 -7.0374e+02
1.0602e+03 -7.0095e+02
1.0600e+03 -6.9830e+02
1.0598e+03 -6.9578e+02
1.0596e+03 -6.9342e+02
1.0594e+03 -6.9122e+02
1.0592e+03 -6.8918e+02
1.0590e+03 -6.8731e+02
1.0587e+03 -6.8562e+02
1.0585e+03 -6.8411e+02
1.0583e+03 -6.8278e+02
1.0581e+03 -6.8164e+02
1.0579e+03 -6.8069e+02
1.0577e+03 -6.7993e+02
1.0575e+03 -6.7936e+02
1.0573e+03 -6.7899e+02
1.0571e+03 -6.7881e+02
1.0569e+03 -6.7882e+02
1.0567e+03 -6.7902e+02
1.0565e+03 -6.7942e+02
1.0563e+03 -6.8000e+02
1.0561e+03 -6.8077e+02
1.0559e+03 -6.8171e+02
1.0557e+03 -6.8284e+02
1.0555e+03 -6.8414e+02
1.0553e+03 -6.8561e+02
1.0551e+03 -6.8724e+02
1.0549e+03 -6.8903e+02
1.0547e+03 -6.9097e+02
1.0544e+03 -6.9306e+02
1.0542e+03 -6.9529e+02
1.0540e+03 -6.9765e+02
1.0538e+03 -7.0014e+02
1.0536e+03 -7.0274e+02
1.0534e+03 -7.0546e+02
1.0532e+03 -7.0827e+02
1.0530e+03 -7.1118e+02
1.0528e+03 -7.1418e+02
1.0526e+03 -7.1725e+02
1.0524e+03 -7.2039e+02
1.0522e+03 -7.2360e+02
1.0520e+03 -7.2685e+02
1.0518e+03 -7.3015e+02
1.0516e+03 -7.3348e+02
1.0514e+03 -7.3684e+02
1.0512e+03 -7.4021e+02
1.0510e+03 -7.4359e+02
1.0508e+03 -7.4698e+02
1.0506e+03 -7.5035e+02
1.0504e+03 -7.5371e+02
1.0502e+03 -7.5704e+02
1.0500e+03 -7.6035e+02
1.0498e+03 -7.6361e+02
1.0496e+03 -7.6682e+02
1.0494e+03 -7.6998e+02
1.0492e+03 -7.7308e+02
1.0490e+03 -7.7610e+02
1.0488e+03 -7.7906e+02
1.0486e+03 -7.8193e+02
1.0484e+03 -7.8471e+02
1.0482e+03 -7.8740e+02
1.0480e+03 -7.8999e+02
1.0478e+03 -7.9247e+02
1.0476e+03 -7.9485e+02
1.0474e+03 -7.9712e+02
1.0472e+03 -7.9926e+02
1.0470e+03 -8.0129e+02
1.0468e+03 -8.0319e+02
1.0466e+03 -8.0496e+02
1.0464e+03 -8.0660e+02
1.0462e+03 -8.0811e+02
1.0460e+03 -8.0948e+02
1.0458e+03 -8.1071e+02
1.0456e+03 -8.1181e+02
1.0454e+03 -8.1277e+02
1.0452e+03 -8.1358e+02
1.0450e+03 -8.1425e+02
1.0448e+03 -8.1479e+02
1.0446e+03 -8.1518e+02
1.0444e+03 -8.1542e+02
1.0442e+03 -8.1553e+02
1.0440e+03 -8.1550e+02
1.0438e+03 -8.1533e+02
1.0436e+03 -8.1502e+02
1.0434e+03 -8.1458e+02
1.0432e+03 -8.1401e+02
1.0430e+03 -8.1330e+02
1.0428e+03 -8.1246e+02
1.0426e+03 -8.1150e+02
1.0424e+03 -8.1042e+02
1.0422e+03 -8.0921e+02
1.0420e+03 -8.0789e+02
1.0418e+03 -8.0645e+02
1.0416e+03 -8.0491e+02
1.0414e+03 -8.0325e+02
1.0412e+03 -8.0150e+02
1.0410e+03 -7.9965e+02
1.0408e+03 -7.9770e+02
1.0406e+03 -7.9566e+02
1.0404e+03 -7.9354e+02
1.0402e+03 -7.9133e+02
1.0400e+03 -7.8905e+02
1.0398e+03 -7.8670e+02
1.0396e+03 -7.8428e+02
1.0394e+03 -7.8180e+02
1.0392e+03 -7.7925e+02
1.0390e+03 -7.7666e+02
1.0388e+03 -7.7402e+02
1.0386e+03 -7.7133e+02
1.0384e+03 -7.6861e+02
1.0382e+03 -7.6585e+02
1.0380e+03 -7.6306e+02
1.0378e+03 -7.6025e+02
1.0376e+03 -7.5743e+02
1.0374e+03 -7.5459e+02
1.0372e+03 -7.5174e+02
1.0370e+03 -7.4888e+02
1.0368e+03 -7.4603e+02
1.0366e+03 -7.4319e+02
1.0364e+03 -7.4035e+02
1.0362e+03 -7.3754e+02
1.0360e+03 -7.3474e+02
1.0358e+03 -7.3197e+02
1.0356e+03 -7.2924e+02
1.0354e+03 -7.2653e+02
1.0352e+03 -7.2387e+02
1.0350e+03 -7.2126e+02
1.0349e+03 -7.1869e+02
1.0347e+03 -7.1618e+02
1.0345e+03 -7.1373e+02
1.0343e+03 -7.1134e+02
1.0341e+03 -7.0901e+02
1.0339e+03 -7.0676e+02
1.0337e+03 -7.0457e+02
1.0335e+03 -7.0246e+02
1.0333e+03 -7.0043e+02
1.0331e+03 -6.9847e+02
1.0329e+03 -6.9658e+02
1.0327e+03 -6.9477e+02
1.0325e+03 -6.9303e+02
1.0323e+03 -6.9136e+02
1.0321e+03 -6.8976e+02
1.0319e+03 -6.8820e+02
1.0317e+03 -6.8670e+02
1.0315e+03 -6.8523e+02
1.0313e+03 -6.8380e+02
1.0311e+03 -6.8238e+02
1.0309e+03 -6.8096e+02
1.0307e+03 -6.7954e+02
1.0306e+03 -6.7810e+02
1.0304e+03 -6.7663e+02
1.0302e+03 -6.7512e+02
1.0300e+03 -6.7357e+02
1.0298e+03 -6.7197e+02
1.0296e+03 -6.7032e+02
1.0294e+03 -6.6862e+02
1.0292e+03 -6.6689e+02
1.0290e+03 -6.6513e+02
1.0288e+03 -6.6336e+02
1.0286e+03 -6.6160e+02
1.0284e+03 -6.5987e+02
1.0282e+03 -6.5819e+02
1.0280e+03 -6.5658e+02
1.0278e+03 -6.5507e+02
1.0276e+03 -6.5367e+02
1.0274e+03 -6.5239e+02
1.0273e+03 -6.5126e+02
1.0271e+03 -6.5027e+02
1.0269e+03 -6.4945e+02
1.0267e+03 -6.4878e+02
1.0265e+03 -6.4826e+02
1.0263e+03 -6.4790e+02
1.0261e+03 -6.4768e+02
1.0259e+03 -6.4760e+02
1.0257e+03 -6.4764e+02
1.0255e+03 -6.4780e+02
1.0253e+03 -6.4805e+02
1.0251e+03 -6.4839e+02
1.0249e+03 -6.4882e+02
1.0247e+03 -6.4930e+02
1.0246e+03 -6.4985e+02
1.0244e+03 -6.5044e+02
1.0242e+03 -6.5106e+02
1.0240e+03 -6.5172e+02
1.0238e+03 -6.5240e+02
1.0236e+03 -6.5309e+02
1.0234e+03 -6.5379e+02
1.0232e+03 -6.5450e+02
1.0230e+03 -6.5521e+02
1.0228e+03 -6.5592e+02
1.0226e+03 -6.5662e+02
1.0224e+03 -6.5730e+02
1.0223e+03 -6.5798e+02
1.0221e+03 -6.5864e+02
1.0219e+03 -6.5928e+02
1.0217e+03 -6.5990e+02
1.0215e+03 -6.6050e+02
1.0213e+03 -6.6107e+02
1.0211e+03 -6.6162e+02
1.0209e+03 -6.6214e+02
1.0207e+03 -6.6263e+02
1.0205e+03 -6.6308e+02
1.0203e+03 -6.6350e+02
1.0202e+03 -6.6389e+02
1.0200e+03 -6.6424e+02
1.0198e+03 -6.6455e+02
1.0196e+03 -6.6481e+02
1.0194e+03 -6.6504e+02
1.0192e+03 -6.6522e+02
1.0190e+03 -6.6535e+02
1.0188e+03 -6.6543e+02
1.0186e+03 -6.6547e+02
1.0184e+03 -6.6545e+02
1.0182e+03 -6.6538e+02
1.0181e+03 -6.6526e+02
1.0179e+03 -6.6507e+02
1.0177e+03 -6.6483e+02
1.0175e+03 -6.6454e+02
1.0173e+03 -6.6418e+02
1.0171e+03 -6.6375e+02
1.0169e+03 -6.6327e+02
1.0167e+03 -6.6271e+02
1.0165e+03 -6.6210e+02
1.0164e+03 -6.6141e+02
1.0162e+03 -6.6065e+02
1.0160e+03 -6.5983e+02
1.0158e+03 -6.5893e+02
1.0156e+03 -6.5795e+02
1.0154e+03 -6.5691e+02
1.0152e+03 -6.5579e+02
1.0150e+03 -6.5459e+02
1.0148e+03 -6.5332e+02
1.0146e+03 -6.5196e+02
1.0145e+03 -6.5053e+02
1.0143e+03 -6.4903e+02
1.0141e+03 -6.4744e+02
1.0139e+03 -6.4577e+02
1.0137e+03 -6.4402e+02
1.0135e+03 -6.4220e+02
1.0133e+03 -6.4029e+02
1.0131e+03 -6.3831e+02
1.0130e+03 -6.3625e+02
1.0128e+03 -6.3412e+02
1.0126e+03 -6.3191e+02
1.0124e+03 -6.2963e+02
1.0122e+03 -6.2728e+02
1.0120e+03 -6.2487e+02
1.0118e+03 -6.2240e+02
1.0116e+03 -6.1987e+02
1.0115e+03 -6.1730e+02
1.0113e+03 -6.1469e+02
1.0111e+03 -6.1205e+02
1.0109e+03 -6.0939e+02
1.0107e+03 -6.0674e+02
1.0105e+03 -6.0410e+02
1.0103e+03 -6.0150e+02
1.0101e+03 -5.9896e+02
1.0100e+03 -5.9651e+02
1.0098e+03 -5.9419e+02
1.0096e+03 -5.9203e+02
1.0094e+03 -5.9008e+02
1.0092e+03 -5.8839e+02
1.0090e+03 -5.8702e+02
1.0088e+03 -5.8604e+02
1.0086e+03 -5.8553e+02
1.0085e+03 -5.8556e+02
1.0083e+03 -5.8622e+02
1.0081e+03 -5.8761e+02
1.0079e+03 -5.8983e+02
1.0077e+03 -5.9295e+02
1.0075e+03 -5.9706e+02
1.0073e+03 -6.0221e+02
1.0072e+03 -6.0842e+02
1.0070e+03 -6.1564e+02
1.0068e+03 -6.2378e+02
1.0066e+03 -6.3261e+02
1.0064e+03 -6.4183e+02
1.0062e+03 -6.5096e+02
1.0060e+03 -6.5939e+02
1.0059e+03 -6.6637e+02
1.0057e+03 -6.7102e+02
1.0055e+03 -6.7237e+02
1.0053e+03 -6.6948e+02
1.0051e+03 -6.6148e+02
1.0049e+03 -6.4773e+02
1.0047e+03 -6.2794e+02
1.0046e+03 -6.0222e+02
1.0044e+03 -5.7118e+02
1.0042e+03 -5.3585e+02
1.0040e+03 -4.9767e+02
1.0038e+03 -4.5829e+02
1.0036e+03 -4.1939e+02
1.0035e+03 -3.8255e+02
1.0033e+03 -3.4904e+02
1.0031e+03 -3.1975e+02
1.0029e+03 -2.9516e+02
1.0027e+03 -2.7535e+02
1.0025e+03 -2.6004e+02
1.0023e+03 -2.4874e+02
1.0022e+03 -2.4078e+02
1.0020e+03 -2.3545e+02
1.0018e+03 -2.3202e+02
1.0016e+03 -2.2983e+02
1.0014e+03 -2.2830e+02
1.0012e+03 -2.2693e+02
1.0011e+03 -2.2534e+02
1.0009e+03 -2.2323e+02
1.0007e+03 -2.2035e+02
1.0005e+03 -2.1657e+02
1.0003e+03 -2.1175e+02
1.0001e+03 -2.0584e+02
9.9996e+02 -1.9877e+02
9.9978e+02 -1.9053e+02
9.9959e+02 -1.8110e+02
9.9941e+02 -1.7046e+02
9.9923e+02 -1.5860e+02
9.9905e+02 -1.4551e+02
9.9886e+02 -1.3117e+02
9.9868e+02 -1.1555e+02
9.9850e+02 -9.8614e+01
9.9831e+02 -8.0308e+01
9.9813e+02 -6.0575e+01
9.9795e+02 -3.9339e+01
9.9777e+02 -1.6512e+01
9.9758e+02 8.0135e+00
9.9740e+02 3.4361e+01
9.9722e+02 6.2673e+01
9.9704e+02 9.3118e+01
9.9686e+02 1.2589e+02
9.9667e+02 1.6120e+02
9.9649e+02 1.9930e+02
9.9631e+02 2.4049e+02
9.9613e+02 2.8508e+02
9.9595e+02 3.3347e+02
9.9576e+02 3.8608e+02
9.9558e+02 4.4341e+02
9.9540e+02 5.0604e+02
9.9522e+02 5.7463e+02
9.9504e+02 6.4995e+02
9.9486e+02 7.3290e+02
9.9468e+02 8.2452e+02
9.9449e+02 9.2605e+02
9.9431e+02 1.0389e+03
9.9413e+02 1.1648e+03
9.9395e+02 1.3058e+03
9.9377e+02 1.4643e+03
9.9359e+02 1.6431e+03
9.9341e+02 1.8458e+03
9.9323e+02 2.0765e+03
9.9305e+02 2.3404e+03
9.9287e+02 2.6439e+03
9.9268e+02 2.9947e+03
9.9250e+02 3.4026e+03
9.9232e+02 3.8798e+03
9.9214e+02 4.4419e+03
9.9196e+02 5.1087e+03
9.9178e+02 5.9059e+03
9.9160e+02 6.8669e+03
9.9142e+02 8.0363e+03
9.9124e+02 9.4733e+03
9.9106e+02 1.1259e+04
9.9088e+02 1.3504e+04
9.9070e+02 1.6366e+04
9.9052e+02 2.0068e+04
9.9034e+02 2.4936e+04
9.9016e+02 3.1454e+04
9.8998e+02 4.0360e+04
9.8980e+02 5.2803e+04
9.8962e+02 7.0610e+04
9.8945e+02 9.6730e+04
9.8927e+02 1.3592e+05
9.8909e+02 1.9556e+05
9.8891e+02 2.8581e+05
9.8873e+02 4.1926e+05
9.8855e+02 6.5400e+05
9.8837e+02 1.9926e+06
9.8819e+02 6.9746e+06
9.8801e+02 -1.2047e+06
9.8783e+02 -7.2276e+06
9.8765e+02 -9.3870e+05
9.8748e+02 -5.0457e+05
9.8730e+02 -3.3916e+05
9.8712e+02 -2.3100e+05
9.8694e+02 -1.5912e+05
9.8676e+02 -1.1201e+05
9.8658e+02 -8.0875e+04
9.8640e+02 -5.9875e+04
9.8623e+02 -4.5361e+04
9.8605e+02 -3.5079e+04
9.8587e+02 -2.7624e+04
9.8569e+02 -2.2104e+04
9.8551e+02 -1.7937e+04
9.8534e+02 -1.4736e+04
9.8516e+02 -1.2239e+04
9.8498e+02 -1.0264e+04
9.8480e+02 -8.6804e+03
9.8462e+02 -7.3968e+03
9.8445e+02 -6.3448e+03
9.8427e+02 -5.4742e+03
9.8409e+02 -4.7470e+03
9.8391e+02 -4.1346e+03
9.8374e+02 -3.6145e+03
9.8356e+02 -3.1697e+03
9.8338e+02 -2.7865e+03
9.8321e+02 -2.4541e+03
9.8303e+02 -2.1639e+03
9.8285e+02 -1.9089e+03
9.8267e+02 -1.6836e+03
9.8250e+02 -1.4833e+03
9.8232e+02 -1.3041e+03
9.8214e+02 -1.1429e+03
9.8197e+02 -9.9716e+02
9.8179e+02 -8.6454e+02
9.8161e+02 -7.4320e+02
9.8144e+02 -6.3155e+02
9.8126e+02 -5.2825e+02
9.8108e+02 -4.3211e+02
9.8091e+02 -3.4213e+02
9.8073e+02 -2.5743e+02
9.8056e+02 -1.7725e+02
9.8038e+02 -1.0091e+02
9.8020e+02 -2.7803e+01
9.8003e+02 4.2597e+01
9.7985e+02 1.1077e+02
9.7968e+02 1.7717e+02
9.7950e+02 2.4217e+02
9.7932e+02 3.0616e+02
9.7915e+02 3.6947e+02
9.7897e+02 4.3243e+02
9.7880e+02 4.9535e+02
9.7862e+02 5.5851e+02
9.7845e+02 6.2222e+02
9.7827e+02 6.8675e+02
9.7810e+02 7.5238e+02
9.7792e+02 8.1940e+02
9.7774e+02 8.8808e+02
9.7757e+02 9.5873e+02
9.7739e+02 1.0316e+03
9.7722e+02 1.1071e+03
9.7704e+02 1.1855e+03
9.7687e+02 1.2672e+03
9.7669e+02 1.3525e+03
9.7652e+02 1.4418e+03
9.7635e+02 1.5355e+03
9.7617e+02 1.6342e+03
9.7600e+02 1.7383e+03
9.7582e+02 1.8484e+03
9.7565e+02 1.9650e+03
9.7547e+02 2.0888e+03
9.7530e+02 2.2205e+03
9.7512e+02 2.3609e+03
9.7495e+02 2.5110e+03
9.7478e+02 2.6716e+03
9.7460e+02 2.8438e+03
9.7443e+02 3.0289e+03
9.7425e+02 3.2282e+03
9.7408e+02 3.4433e+03
9.7391e+02 3.6757e+03
9.7373e+02 3.9274e+03
9.7356e+02 4.2006e+03
9.7338e+02 4.4976e+03
9.7321e+02 4.8213e+03
9.7304e+02 5.1747e+03
9.7286e+02 5.5613e+03
9.7269e+02 5.9853e+03
9.7252e+02 6.4512e+03
9.7234e+02 6.9644e+03
9.7217e+02 7.5307e+03
9.7200e+02 8.1573e+03
9.7182e+02 8.8522e+03
9.7165e+02 9.6244e+03
9.7148e+02 1.0485e+04
9.7131e+02 1.1446e+04
9.7113e+02 1.2522e+04
9.7096e+02 1.3729e+04
9.7079e+02 1.5086e+04
9.7061e+02 1.6617e+04
9.7044e+02 1.8347e+04
9.7027e+02 2.0305e+04
9.7010e+02 2.2527e+04
9.6992e+02 2.5053e+04
9.6975e+02 2.7928e+04
9.6958e+02 3.1205e+04
9.6941e+02 3.4944e+04
9.6924e+02 3.9210e+04
9.6906e+02 4.4079e+04
9.6889e+02 4.9633e+04
9.6872e+02 5.5964e+04
9.6855e+02 6.3173e+04
9.6838e+02 7.1377e+04
9.6820e+02 8.0706e+04
9.6803e+02 9.1317e+04
9.6786e+02 1.0338e+05
9.6769e+02 1.1705e+05
9.6752e+02 1.3231e+05
9.6735e+02 1.4861e+05
9.6717e+02 1.6404e+05
9.6700e+02 1.7416e+05
9.6683e+02 1.7072e+05
9.6666e+02 1.4288e+05
9.6649e+02 8.3390e+04
9.6632e+02 -1.6706e+03
9.6615e+02 -9.0452e+04
9.6598e+02 -1.5782e+05
9.6580e+02 -1.9161e+05
9.6563e+02 -1.9577e+05
9.6546e+02 -1.8177e+05
9.6529e+02 -1.6005e+05
9.6512e+02 -1.3706e+05
9.6495e+02 -1.1586e+05
9.6478e+02 -9.7471e+04
9.6461e+02 -8.1976e+04
9.6444e+02 -6.9066e+04
9.6427e+02 -5.8336e+04
9.6410e+02 -4.9394e+04
9.6393e+02 -4.1903e+04
9.6376e+02 -3.5585e+04
9.6359e+02 -3.0215e+04
9.6342e+02 -2.5613e+04
9.6325e+02 -2.1633e+04
9.6308e+02 -1.8162e+04
9.6291e+02 -1.5103e+04
9.6274e+02 -1.2383e+04
9.6257e+02 -9.9379e+03
9.6240e+02 -7.7166e+03
9.6223e+02 -5.6764e+03
9.6206e+02 -3.7815e+03
9.6189e+02 -2.0013e+03
9.6172e+02 -3.0995e+02
9.6155e+02 1.3150e+03
9.6138e+02 2.8933e+03
9.6121e+02 4.4426e+03
9.6104e+02 5.9790e+03
9.6087e+02 7.5183e+03
9.6070e+02 9.0767e+03
9.6053e+02 1.0673e+04
9.6037e+02 1.2330e+04
9.6020e+02 1.4082e+04
9.6003e+02 1.5978e+04
9.5986e+02 1.8098e+04
9.5969e+02 2.0572e+04
9.5952e+02 2.3626e+04
9.5935e+02 2.7655e+04
9.5918e+02 3.3383e+04
9.5902e+02 4.2203e+04
9.5885e+02 5.6973e+04
9.5868e+02 8.4118e+04
9.5851e+02 1.3999e+05
9.5834e+02 2.7413e+05
9.5817e+02 6.7855e+05
9.5801e+02 2.2850e+06
9.5784e+02 3.7816e+06
9.5767e+02 -1.1139e+06
9.5750e+02 -4.0734e+06
9.5733e+02 -1.2749e+06
9.5717e+02 -4.3554e+05
9.5700e+02 -1.9881e+05
9.5683e+02 -1.1096e+05
9.5666e+02 -7.1660e+04
9.5649e+02 -5.1679e+04
9.5633e+02 -4.0489e+04
9.5616e+02 -3.3686e+04
9.5599e+02 -2.9223e+04
9.5582e+02 -2.6068e+04
9.5566e+02 -2.3677e+04
9.5549e+02 -2.1748e+04
9.5532e+02 -2.0111e+04
9.5515e+02 -1.8668e+04
9.5499e+02 -1.7363e+04
9.5482e+02 -1.6163e+04
9.5465e+02 -1.5050e+04
9.5449e+02 -1.4011e+04
9.5432e+02 -1.3039e+04
9.5415e+02 -1.2129e+04
9.5399e+02 -1.1279e+04
9.5382e+02 -1.0483e+04
9.5365e+02 -9.7403e+03
9.5349e+02 -9.0474e+03
9.5332e+02 -8.4016e+03
9.5315e+02 -7.8002e+03
9.5299e+02 -7.2404e+03
9.5282e+02 -6.7198e+03
9.5265e+02 -6.2356e+03
9.5249e+02 -5.7853e+03
9.5232e+02 -5.3667e+03
9.5215e+02 -4.9775e+03
9.5199e+02 -4.6154e+03
9.5182e+02 -4.2786e+03
9.5166e+02 -3.9652e+03
9.5149e+02 -3.6734e+03
9.5132e+02 -3.4016e+03
9.5116e+02 -3.1484e+03
9.5099e+02 -2.9125e+03
9.5083e+02 -2.6925e+03
9.5066e+02 -2.4873e+03
9.5050e+02 -2.2958e+03
9.5033e+02 -2.1172e+03
9.5017e+02 -1.5664e+03
9.5000e+02 -1.1018e+03
