1.1500e+03 2.5506e+02
1.1498e+03 2.5127e+02
1.1495e+03 2.4579e+02
1.1493e+03 2.4050e+02
1.1490e+03 2.3543e+02
1.1488e+03 2.3059e+02
1.1485e+03 2.2598e+02
1.1483e+03 2.2162e+02
1.1481e+03 2.1749e+02
1.1478e+03 2.1361e+02
1.1476e+03 2.0996e+02
1.1473e+03 2.0655e+02
1.1471e+03 2.0336e+02
1.1469e+03 2.0039e+02
1.1466e+03 1.9764e+02
1.1464e+03 1.9510e+02
1.1461e+03 1.9276e+02
1.1459e+03 1.9060e+02
1.1457e+03 1.8864e+02
1.1454e+03 1.8685e+02
1.1452e+03 1.8523e+02
1.1449e+03 1.8377e+02
1.1447e+03 1.8246e+02
1.1445e+03 1.8131e+02
1.1442e+03 1.8029e+02
1.1440e+03 1.7941e+02
1.1437e+03 1.7866e+02
1.1435e+03 1.7802e+02
1.1433e+03 1.7751e+02
1.1430e+03 1.7710e+02
1.1428e+03 1.7679e+02
1.1425e+03 1.7658e+02
1.1423e+03 1.7647e+02
1.1421e+03 1.7643e+02
1.1418e+03 1.7648e+02
1.1416e+03 1.7661e+02
1.1413e+03 1.7680e+02
1.1411e+03 1.7705e+02
1.1409e+03 1.7737e+02
1.1406e+03 1.7774e+02
1.1404e+03 1.7815e+02
1.1401e+03 1.7861e+02
1.1399e+03 1.7911e+02
1.1397e+03 1.7963e+02
1.1394e+03 1.8018e+02
1.1392e+03 1.8076e+02
1.1390e+03 1.8135e+02
1.1387e+03 1.8194e+02
1.1385e+03 1.8255e+02
1.1382e+03 1.8315e+02
1.1380e+03 1.8375e+02
1.1378e+03 1.8433e+02
1.1375e+03 1.8490e+02
1.1373e+03 1.8545e+02
1.1371e+03 1.8597e+02
1.1368e+03 1.8646e+02
1.1366e+03 1.8691e+02
1.1364e+03 1.8733e+02
1.1361e+03 1.8770e+02
1.1359e+03 1.8802e+02
1.1356e+03 1.8829e+02
1.1354e+03 1.8851e+02
1.1352e+03 1.8867e+02
1.1349e+03 1.8877e+02
1.1347e+03 1.8881e+02
1.1345e+03 1.8879e+02
1.1342e+03 1.8869e+02
1.1340e+03 1.8854e+02
1.1338e+03 1.8831e+02
1.1335e+03 1.8801e+02
1.1333e+03 1.8764e+02
1.1330e+03 1.8720e+02
1.1328e+03 1.8668e+02
1.1326e+03 1.8609e+02
1.1323e+03 1.8541e+02
1.1321e+03 1.8466e+02
1.1319e+03 1.8382e+02
1.1316e+03 1.8289e+02
1.1314e+03 1.8186e+02
1.1312e+03 1.8072e+02
1.1309e+03 1.7946e+02
1.1307e+03 1.7807e+02
1.1305e+03 1.7651e+02
1.1302e+03 1.7477e+02
1.1300e+03 1.7281e+02
1.1298e+03 1.7059e+02
1.1295e+03 1.6805e+02
1.1293e+03 1.6514e+02
1.1291e+03 1.6176e+02
1.1288e+03 1.5783e+02
1.1286e+03 1.5324e+02
1.1284e+03 1.4785e+02
1.1281e+03 1.4154e+02
1.1279e+03 1.3416e+02
1.1277e+03 1.2559e+02
1.1274e+03 1.1575e+02
1.1272e+03 1.0465e+02
1.1270e+03 9.2432e+01
1.1267e+03 7.9465e+01
1.1265e+03 6.6381e+01
1.1263e+03 5.4101e+01
1.1260e+03 4.3776e+01
1.1258e+03 3.6609e+01
1.1256e+03 3.3593e+01
1.1253e+03 3.5222e+01
1.1251e+03 4.1321e+01
1.1249e+03 5.1077e+01
1.1246e+03 6.3261e+01
1.1244e+03 7.6533e+01
1.1242e+03 8.9707e+01
1.1239e+03 1.0190e+02
1.1237e+03 1.1258e+02
1.1235e+03 1.2151e+02
1.1233e+03 1.2865e+02
1.1230e+03 1.3414e+02
1.1228e+03 1.3817e+02
1.1226e+03 1.4096e+02
1.1223e+03 1.4274e+02
1.1221e+03 1.4369e+02
1.1219e+03 1.4401e+02
1.1216e+03 1.4384e+02
1.1214e+03 1.4331e+02
1.1212e+03 1.4250e+02
1.1209e+03 1.4150e+02
1.1207e+03 1.4037e+02
1.1205e+03 1.3916e+02
1.1203e+03 1.3790e+02
1.1200e+03 1.3662e+02
1.1198e+03 1.3535e+02
1.1196e+03 1.3409e+02
1.1193e+03 1.3285e+02
1.1191e+03 1.3166e+02
1.1189e+03 1.3050e+02
1.1186e+03 1.2939e+02
1.1184e+03 1.2833e+02
1.1182e+03 1.2732e+02
1.1180e+03 1.2635e+02
1.1177e+03 1.2544e+02
1.1175e+03 1.2457e+02
1.1173e+03 1.2376e+02
1.1170e+03 1.2299e+02
1.1168e+03 1.2226e+02
1.1166e+03 1.2158e+02
1.1164e+03 1.2095e+02
1.1161e+03 1.2035e+02
1.1159e+03 1.1980e+02
1.1157e+03 1.1928e+02
1.1154e+03 1.1881e+02
1.1152e+03 1.1837e+02
1.1150e+03 1.1797e+02
1.1148e+03 1.1760e+02
1.1145e+03 1.1727e+02
1.1143e+03 1.1697e+02
1.1141e+03 1.1670e+02
1.1139e+03 1.1646e+02
1.1136e+03 1.1626e+02
1.1134e+03 1.1608e+02
1.1132e+03 1.1594e+02
1.1129e+03 1.1582e+02
1.1127e+03 1.1573e+02
1.1125e+03 1.1567e+02
1.1123e+03 1.1564e+02
1.1120e+03 1.1564e+02
1.1118e+03 1.1566e+02
1.1116e+03 1.1571e+02
1.1114e+03 1.1579e+02
1.1111e+03 1.1590e+02
1.1109e+03 1.1603e+02
1.1107e+03 1.1619e+02
1.1105e+03 1.1638e+02
1.1102e+03 1.1660e+02
1.1100e+03 1.1684e+02
1.1098e+03 1.1712e+02
1.1095e+03 1.1742e+02
1.1093e+03 1.1775e+02
1.1091e+03 1.1811e+02
1.1089e+03 1.1851e+02
1.1086e+03 1.1894e+02
1.1084e+03 1.1940e+02
1.1082e+03 1.1989e+02
1.1080e+03 1.2043e+02
1.1077e+03 1.2100e+02
1.1075e+03 1.2161e+02
1.1073e+03 1.2226e+02
1.1071e+03 1.2296e+02
1.1068e+03 1.2370e+02
1.1066e+03 1.2450e+02
1.1064e+03 1.2534e+02
1.1062e+03 1.2625e+02
1.1060e+03 1.2721e+02
1.1057e+03 1.2824e+02
1.1055e+03 1.2934e+02
1.1053e+03 1.3052e+02
1.1051e+03 1.3178e+02
1.1048e+03 1.3314e+02
1.1046e+03 1.3459e+02
1.1044e+03 1.3615e+02
1.1042e+03 1.3783e+02
1.1039e+03 1.3964e+02
1.1037e+03 1.4159e+02
1.1035e+03 1.4371e+02
1.1033e+03 1.4602e+02
1.1030e+03 1.4852e+02
1.1028e+03 1.5125e+02
1.1026e+03 1.5424e+02
1.1024e+03 1.5752e+02
1.1022e+03 1.6114e+02
1.1019e+03 1.6513e+02
1.1017e+03 1.6955e+02
1.1015e+03 1.7448e+02
1.1013e+03 1.7998e+02
1.1010e+03 1.8616e+02
1.1008e+03 1.9313e+02
1.1006e+03 2.0102e+02
1.1004e+03 2.1001e+02
1.1002e+03 2.2030e+02
1.0999e+03 2.3215e+02
1.0997e+03 2.4587e+02
1.0995e+03 2.6186e+02
1.0993e+03 2.8059e+02
1.0990e+03 3.0268e+02
1.0988e+03 3.2886e+02
1.0986e+03 3.6006e+02
1.0984e+03 3.9735e+02
1.0982e+03 4.4199e+02
1.0979e+03 4.9529e+02
1.0977e+03 5.5841e+02
1.0975e+03 6.3179e+02
1.0973e+03 7.1437e+02
1.0971e+03 8.0213e+02
1.0968e+03 8.8683e+02
1.0966e+03 9.5579e+02
1.0964e+03 9.9476e+02
1.0962e+03 9.9404e+02
1.0960e+03 9.5405e+02
1.0957e+03 8.8495e+02
1.0955e+03 8.0092e+02
1.0953e+03 7.1425e+02
1.0951e+03 6.3285e+02
1.0949e+03 5.6056e+02
1.0946e+03 4.9842e+02
1.0944e+03 4.4598e+02
1.0942e+03 4.0210e+02
1.0940e+03 3.6551e+02
1.0938e+03 3.3497e+02
1.0935e+03 3.0941e+02
1.0933e+03 2.8792e+02
1.0931e+03 2.6977e+02
1.0929e+03 2.5435e+02
1.0927e+03 2.4119e+02
1.0924e+03 2.2990e+02
1.0922e+03 2.2015e+02
1.0920e+03 2.1170e+02
1.0918e+03 2.0435e+02
1.0916e+03 1.9791e+02
1.0914e+03 1.9226e+02
1.0911e+03 1.8728e+02
1.0909e+03 1.8287e+02
1.0907e+03 1.7896e+02
1.0905e+03 1.7548e+02
1.0903e+03 1.7237e+02
1.0900e+03 1.6959e+02
1.0898e+03 1.6709e+02
1.0896e+03 1.6485e+02
1.0894e+03 1.6283e+02
1.0892e+03 1.6100e+02
1.0890e+03 1.5936e+02
1.0887e+03 1.5786e+02
1.0885e+03 1.5651e+02
1.0883e+03 1.5528e+02
1.0881e+03 1.5416e+02
1.0879e+03 1.5315e+02
1.0877e+03 1.5223e+02
1.0874e+03 1.5138e+02
1.0872e+03 1.5062e+02
1.0870e+03 1.4992e+02
1.0868e+03 1.4928e+02
1.0866e+03 1.4870e+02
1.0864e+03 1.4817e+02
1.0861e+03 1.4768e+02
1.0859e+03 1.4724e+02
1.0857e+03 1.4684e+02
1.0855e+03 1.4647e+02
1.0853e+03 1.4613e+02
1.0851e+03 1.4582e+02
1.0848e+03 1.4554e+02
1.0846e+03 1.4528e+02
1.0844e+03 1.4505e+02
1.0842e+03 1.4484e+02
1.0840e+03 1.4464e+02
1.0838e+03 1.4446e+02
1.0836e+03 1.4430e+02
1.0833e+03 1.4415e+02
1.0831e+03 1.4401e+02
1.0829e+03 1.4389e+02
1.0827e+03 1.4377e+02
1.0825e+03 1.4366e+02
1.0823e+03 1.4356e+02
1.0820e+03 1.4347e+02
1.0818e+03 1.4338e+02
1.0816e+03 1.4330e+02
1.0814e+03 1.4323e+02
1.0812e+03 1.4315e+02
1.0810e+03 1.4308e+02
1.0808e+03 1.4301e+02
1.0805e+03 1.4295e+02
1.0803e+03 1.4288e+02
1.0801e+03 1.4282e+02
1.0799e+03 1.4275e+02
1.0797e+03 1.4269e+02
1.0795e+03 1.4262e+02
1.0793e+03 1.4255e+02
1.0791e+03 1.4248e+02
1.0788e+03 1.4241e+02
1.0786e+03 1.4234e+02
1.0784e+03 1.4226e+02
1.0782e+03 1.4218e+02
1.0780e+03 1.4209e+02
1.0778e+03 1.4200e+02
1.0776e+03 1.4191e+02
1.0773e+03 1.4182e+02
1.0771e+03 1.4172e+02
1.0769e+03 1.4161e+02
1.0767e+03 1.4150e+02
1.0765e+03 1.4139e+02
1.0763e+03 1.4127e+02
1.0761e+03 1.4114e+02
1.0759e+03 1.4101e+02
1.0756e+03 1.4088e+02
1.0754e+03 1.4074e+02
1.0752e+03 1.4060e+02
1.0750e+03 1.4044e+02
1.0748e+03 1.4029e+02
1.0746e+03 1.4013e+02
1.0744e+03 1.3996e+02
1.0742e+03 1.3979e+02
1.0740e+03 1.3961e+02
1.0737e+03 1.3943e+02
1.0735e+03 1.3925e+02
1.0733e+03 1.3905e+02
1.0731e+03 1.3886e+02
1.0729e+03 1.3866e+02
1.0727e+03 1.3845e+02
1.0725e+03 1.3824e+02
1.0723e+03 1.3803e+02
1.0721e+03 1.3781e+02
1.0718e+03 1.3759e+02
1.0716e+03 1.3736e+02
1.0714e+03 1.3713e+02
1.0712e+03 1.3689e+02
1.0710e+03 1.3666e+02
1.0708e+03 1.3642e+02
1.0706e+03 1.3617e+02
1.0704e+03 1.3593e+02
1.0702e+03 1.3568e+02
1.0700e+03 1.3542e+02
1.0697e+03 1.3517e+02
1.0695e+03 1.3491e+02
1.0693e+03 1.3465e+02
1.0691e+03 1.3439e+02
1.0689e+03 1.3413e+02
1.0687e+03 1.3387e+02
1.0685e+03 1.3360e+02
1.0683e+03 1.3333e+02
1.0681e+03 1.3307e+02
1.0679e+03 1.3280e+02
1.0677e+03 1.3253e+02
1.0674e+03 1.3226e+02
1.0672e+03 1.3199e+02
1.0670e+03 1.3172e+02
1.0668e+03 1.3145e+02
1.0666e+03 1.3117e+02
1.0664e+03 1.3090e+02
1.0662e+03 1.3063e+02
1.0660e+03 1.3036e+02
1.0658e+03 1.3009e+02
1.0656e+03 1.2982e+02
1.0654e+03 1.2955e+02
1.0652e+03 1.2928e+02
1.0649e+03 1.2902e+02
1.0647e+03 1.2875e+02
1.0645e+03 1.2848e+02
1.0643e+03 1.2822e+02
1.0641e+03 1.2795e+02
1.0639e+03 1.2769e+02
1.0637e+03 1.2743e+02
1.0635e+03 1.2717e+02
1.0633e+03 1.2691e+02
1.0631e+03 1.2665e+02
1.0629e+03 1.2639e+02
1.0627e+03 1.2614e+02
1.0625e+03 1.2588e+02
1.0622e+03 1.2563e+02
1.0620e+03 1.2537e+02
1.0618e+03 1.2512e+02
1.0616e+03 1.2487e+02
1.0614e+03 1.2462e+02
1.0612e+03 1.2438e+02
1.0610e+03 1.2413e+02
1.0608e+03 1.2388e+02
1.0606e+03 1.2364e+02
1.0604e+03 1.2340e+02
1.0602e+03 1.2315e+02
1.0600e+03 1.2291e+02
1.0598e+03 1.2267e+02
1.0596e+03 1.2243e+02
1.0594e+03 1.2219e+02
1.0592e+03 1.2196e+02
1.0590e+03 1.2172e+02
1.0587e+03 1.2148e+02
1.0585e+03 1.2124e+02
1.0583e+03 1.2101e+02
1.0581e+03 1.2077e+02
1.0579e+03 1.2054e+02
1.0577e+03 1.2030e+02
1.0575e+03 1.2007e+02
1.0573e+03 1.1983e+02
1.0571e+03 1.1960e+02
1.0569e+03 1.1937e+02
1.0567e+03 1.1913e+02
1.0565e+03 1.1890e+02
1.0563e+03 1.1866e+02
1.0561e+03 1.1843e+02
1.0559e+03 1.1819e+02
1.0557e+03 1.1796e+02
1.0555e+03 1.1772e+02
1.0553e+03 1.1748e+02
1.0551e+03 1.1725e+02
1.0549e+03 1.1701e+02
1.0547e+03 1.1677e+02
1.0544e+03 1.1653e+02
1.0542e+03 1.1629e+02
1.0540e+03 1.1605e+02
1.0538e+03 1.1581e+02
1.0536e+03 1.1557e+02
1.0534e+03 1.1533e+02
1.0532e+03 1.1508e+02
1.0530e+03 1.1484e+02
1.0528e+03 1.1459e+02
1.0526e+03 1.1434e+02
1.0524e+03 1.1410e+02
1.0522e+03 1.1385e+02
1.0520e+03 1.1360e+02
1.0518e+03 1.1335e+02
1.0516e+03 1.1309e+02
1.0514e+03 1.1284e+02
1.0512e+03 1.1258e+02
1.0510e+03 1.1233e+02
1.0508e+03 1.1207e+02
1.0506e+03 1.1181e+02
1.0504e+03 1.1155e+02
1.0502e+03 1.1129e+02
1.0500e+03 1.1103e+02
1.0498e+03 1.1077e+02
1.0496e+03 1.1050e+02
1.0494e+03 1.1024e+02
1.0492e+03 1.0997e+02
1.0490e+03 1.0970e+02
1.0488e+03 1.0944e+02
1.0486e+03 1.0917e+02
1.0484e+03 1.0890e+02
1.0482e+03 1.0862e+02
1.0480e+03 1.0835e+02
1.0478e+03 1.0808e+02
1.0476e+03 1.0781e+02
1.0474e+03 1.0753e+02
1.0472e+03 1.0725e+02
1.0470e+03 1.0698e+02
1.0468e+03 1.0670e+02
1.0466e+03 1.0642e+02
1.0464e+03 1.0615e+02
1.0462e+03 1.0587e+02
1.0460e+03 1.0559e+02
1.0458e+03 1.0531e+02
1.0456e+03 1.0503e+02
1.0454e+03 1.0475e+02
1.0452e+03 1.0447e+02
1.0450e+03 1.0419e+02
1.0448e+03 1.0391e+02
1.0446e+03 1.0362e+02
1.0444e+03 1.0334e+02
1.0442e+03 1.0306e+02
1.0440e+03 1.0278e+02
1.0438e+03 1.0250e+02
1.0436e+03 1.0222e+02
1.0434e+03 1.0194e+02
1.0432e+03 1.0165e+02
1.0430e+03 1.0137e+02
1.0428e+03 1.0109e+02
1.0426e+03 1.0081e+02
1.0424e+03 1.0053e+02
1.0422e+03 1.0025e+02
1.0420e+03 9.9974e+01
1.0418e+03 9.9695e+01
1.0416e+03 9.9417e+01
1.0414e+03 9.9140e+01
1.0412e+03 9.8863e+01
1.0410e+03 9.8586e+01
1.0408e+03 9.8311e+01
1.0406e+03 9.8036e+01
1.0404e+03 9.7761e+01
1.0402e+03 9.7488e+01
1.0400e+03 9.7215e+01
1.0398e+03 9.6943e+01
1.0396e+03 9.6672e+01
1.0394e+03 9.6402e+01
1.0392e+03 9.6132e+01
1.0390e+03 9.5864e+01
1.0388e+03 9.5596e+01
1.0386e+03 9.5329e+01
1.0384e+03 9.5064e+01
1.0382e+03 9.4799e+01
1.0380e+03 9.4535e+01
1.0378e+03 9.4272e+01
1.0376e+03 9.4010e+01
1.0374e+03 9.3749e+01
1.0372e+03 9.3489e+01
1.0370e+03 9.3230e+01
1.0368e+03 9.2972e+01
1.0366e+03 9.2715e+01
1.0364e+03 9.2459e+01
1.0362e+03 9.2204e+01
1.0360e+03 9.1950e+01
1.0358e+03 9.1697e+01
1.0356e+03 9.1444e+01
1.0354e+03 9.1193e+01
1.0352e+03 9.0943e+01
1.0350e+03 9.0694e+01
1.0349e+03 9.0445e+01
1.0347e+03 9.0197e+01
1.0345e+03 8.9951e+01
1.0343e+03 8.9705e+01
1.0341e+03 8.9460e+01
1.0339e+03 8.9215e+01
1.0337e+03 8.8972e+01
1.0335e+03 8.8729e+01
1.0333e+03 8.8487e+01
1.0331e+03 8.8245e+01
1.0329e+03 8.8004e+01
1.0327e+03 8.7764e+01
1.0325e+03 8.7525e+01
1.0323e+03 8.7286e+01
1.0321e+03 8.7048e+01
1.0319e+03 8.6810e+01
1.0317e+03 8.6572e+01
1.0315e+03 8.6336e+01
1.0313e+03 8.6099e+01
1.0311e+03 8.5864e+01
1.0309e+03 8.5628e+01
1.0307e+03 8.5393e+01
1.0306e+03 8.5159e+01
1.0304e+03 8.4925e+01
1.0302e+03 8.4692e+01
1.0300e+03 8.4459e+01
1.0298e+03 8.4227e+01
1.0296e+03 8.3995e+01
1.0294e+03 8.3764e+01
1.0292e+03 8.3534e+01
1.0290e+03 8.3304e+01
1.0288e+03 8.3075e+01
1.0286e+03 8.2846e+01
1.0284e+03 8.2618e+01
1.0282e+03 8.2390e+01
1.0280e+03 8.2163e+01
1.0278e+03 8.1937e+01
1.0276e+03 8.1711e+01
1.0274e+03 8.1486e+01
1.0273e+03 8.1261e+01
1.0271e+03 8.1036e+01
1.0269e+03 8.0812e+01
1.0267e+03 8.0588e+01
1.0265e+03 8.0364e+01
1.0263e+03 8.0140e+01
1.0261e+03 7.9917e+01
1.0259e+03 7.9693e+01
1.0257e+03 7.9470e+01
1.0255e+03 7.9246e+01
1.0253e+03 7.9022e+01
1.0251e+03 7.8799e+01
1.0249e+03 7.8575e+01
1.0247e+03 7.8351e+01
1.0246e+03 7.8127e+01
1.0244e+03 7.7902e+01
1.0242e+03 7.7678e+01
1.0240e+03 7.7453e+01
1.0238e+03 7.7228e+01
1.0236e+03 7.7002e+01
1.0234e+03 7.6777e+01
1.0232e+03 7.6551e+01
1.0230e+03 7.6325e+01
1.0228e+03 7.6099e+01
1.0226e+03 7.5872e+01
1.0224e+03 7.5645e+01
1.0223e+03 7.5418e+01
1.0221e+03 7.5191e+01
1.0219e+03 7.4964e+01
1.0217e+03 7.4736e+01
1.0215e+03 7.4508e+01
1.0213e+03 7.4280e+01
1.0211e+03 7.4052e+01
1.0209e+03 7.3823e+01
1.0207e+03 7.3595e+01
1.0205e+03 7.3366e+01
1.0203e+03 7.3137e+01
1.0202e+03 7.2908e+01
1.0200e+03 7.2679e+01
1.0198e+03 7.2449e+01
1.0196e+03 7.2220e+01
1.0194e+03 7.1990e+01
1.0192e+03 7.1761e+01
1.0190e+03 7.1531e+01
1.0188e+03 7.1301e+01
1.0186e+03 7.1072e+01
1.0184e+03 7.0842e+01
1.0182e+03 7.0612e+01
1.0181e+03 7.0383e+01
1.0179e+03 7.0153e+01
1.0177e+03 6.9923e+01
1.0175e+03 6.9694e+01
1.0173e+03 6.9465e+01
1.0171e+03 6.9235e+01
1.0169e+03 6.9006e+01
1.0167e+03 6.8778e+01
1.0165e+03 6.8549e+01
1.0164e+03 6.8320e+01
1.0162e+03 6.8092e+01
1.0160e+03 6.7864e+01
1.0158e+03 6.7637e+01
1.0156e+03 6.7409e+01
1.0154e+03 6.7183e+01
1.0152e+03 6.6956e+01
1.0150e+03 6.6730e+01
1.0148e+03 6.6504e+01
1.0146e+03 6.6279e+01
1.0145e+03 6.6054e+01
1.0143e+03 6.5830e+01
1.0141e+03 6.5606e+01
1.0139e+03 6.5383e+01
1.0137e+03 6.5160e+01
1.0135e+03 6.4938e+01
1.0133e+03 6.4717e+01
1.0131e+03 6.4496e+01
1.0130e+03 6.4276e+01
1.0128e+03 6.4057e+01
1.0126e+03 6.3838e+01
1.0124e+03 6.3621e+01
1.0122e+03 6.3404e+01
1.0120e+03 6.3188e+01
1.0118e+03 6.2972e+01
1.0116e+03 6.2758e+01
1.0115e+03 6.2544e+01
1.0113e+03 6.2332e+01
1.0111e+03 6.2120e+01
1.0109e+03 6.1909e+01
1.0107e+03 6.1699e+01
1.0105e+03 6.1490e+01
1.0103e+03 6.1282e+01
1.0101e+03 6.1075e+01
1.0100e+03 6.0869e+01
1.0098e+03 6.0663e+01
1.0096e+03 6.0459e+01
1.0094e+03 6.0255e+01
1.0092e+03 6.0051e+01
1.0090e+03 5.9848e+01
1.0088e+03 5.9646e+01
1.0086e+03 5.9444e+01
1.0085e+03 5.9242e+01
1.0083e+03 5.9040e+01
1.0081e+03 5.8837e+01
1.0079e+03 5.8634e+01
1.0077e+03 5.8430e+01
1.0075e+03 5.8225e+01
1.0073e+03 5.8018e+01
1.0072e+03 5.7809e+01
1.0070e+03 5.7598e+01
1.0068e+03 5.7384e+01
1.0066e+03 5.7167e+01
1.0064e+03 5.6947e+01
1.0062e+03 5.6724e+01
1.0060e+03 5.6498e+01
1.0059e+03 5.6269e+01
1.0057e+03 5.6038e+01
1.0055e+03 5.5805e+01
1.0053e+03 5.5573e+01
1.0051e+03 5.5343e+01
1.0049e+03 5.5117e+01
1.0047e+03 5.4896e+01
1.0046e+03 5.4683e+01
1.0044e+03 5.4480e+01
1.0042e+03 5.4289e+01
1.0040e+03 5.4110e+01
1.0038e+03 5.3945e+01
1.0036e+03 5.3794e+01
1.0035e+03 5.3656e+01
1.0033e+03 5.3530e+01
1.0031e+03 5.3415e+01
1.0029e+03 5.3309e+01
1.0027e+03 5.3211e+01
1.0025e+03 5.3119e+01
1.0023e+03 5.3032e+01
1.0022e+03 5.2947e+01
1.0020e+03 5.2865e+01
1.0018e+03 5.2785e+01
1.0016e+03 5.2705e+01
1.0014e+03 5.2626e+01
1.0012e+03 5.2548e+01
1.0011e+03 5.2470e+01
1.0009e+03 5.2392e+01
1.0007e+03 5.2315e+01
1.0005e+03 5.2240e+01
1.0003e+03 5.2166e+01
1.0001e+03 5.2094e+01
9.9996e+02 5.2024e+01
9.9978e+02 5.1957e+01
9.9959e+02 5.1892e+01
9.9941e+02 5.1832e+01
9.9923e+02 5.1775e+01
9.9905e+02 5.1722e+01
9.9886e+02 5.1674e+01
9.9868e+02 5.1631e+01
9.9850e+02 5.1594e+01
9.9831e+02 5.1563e+01
9.9813e+02 5.1539e+01
9.9795e+02 5.1522e+01
9.9777e+02 5.1512e+01
9.9758e+02 5.1510e+01
9.9740e+02 5.1517e+01
9.9722e+02 5.1534e+01
9.9704e+02 5.1561e+01
9.9686e+02 5.1598e+01
9.9667e+02 5.1647e+01
9.9649e+02 5.1709e+01
9.9631e+02 5.1785e+01
9.9613e+02 5.1875e+01
9.9595e+02 5.1982e+01
9.9576e+02 5.2106e+01
9.9558e+02 5.2248e+01
9.9540e+02 5.2412e+01
9.9522e+02 5.2598e+01
9.9504e+02 5.2808e+01
9.9486e+02 5.3046e+01
9.9468e+02 5.3314e+01
9.9449e+02 5.3616e+01
9.9431e+02 5.3954e+01
9.9413e+02 5.4333e+01
9.9395e+02 5.4758e+01
9.9377e+02 5.5234e+01
9.9359e+02 5.5769e+01
9.9341e+02 5.6369e+01
9.9323e+02 5.7043e+01
9.9305e+02 5.7802e+01
9.9287e+02 5.8659e+01
9.9268e+02 5.9627e+01
9.9250e+02 6.0726e+01
9.9232e+02 6.1976e+01
9.9214e+02 6.3405e+01
9.9196e+02 6.5043e+01
9.9178e+02 6.6931e+01
9.9160e+02 6.9120e+01
9.9142e+02 7.1672e+01
9.9124e+02 7.4668e+01
9.9106e+02 7.8212e+01
9.9088e+02 8.2441e+01
9.9070e+02 8.7535e+01
9.9052e+02 9.3739e+01
9.9034e+02 1.0139e+02
9.9016e+02 1.1095e+02
9.8998e+02 1.2310e+02
9.8980e+02 1.3882e+02
9.8962e+02 1.5956e+02
9.8945e+02 1.8756e+02
9.8927e+02 2.2633e+02
9.8909e+02 2.8140e+02
9.8891e+02 3.6134e+02
9.8873e+02 4.7870e+02
9.8855e+02 6.5078e+02
9.8837e+02 9.3020e+02
9.8819e+02 2.0264e+03
9.8801e+02 5.7452e+03
9.8783e+02 1.1947e+03
9.8765e+02 7.5558e+02
9.8748e+02 5.4665e+02
9.8730e+02 4.0724e+02
9.8712e+02 3.1251e+02
9.8694e+02 2.4777e+02
9.8676e+02 2.0266e+02
9.8658e+02 1.7044e+02
9.8640e+02 1.4683e+02
9.8623e+02 1.2911e+02
9.8605e+02 1.1551e+02
9.8587e+02 1.0489e+02
9.8569e+02 9.6443e+01
9.8551e+02 8.9629e+01
9.8534e+02 8.4060e+01
9.8516e+02 7.9456e+01
9.8498e+02 7.5611e+01
9.8480e+02 7.2371e+01
9.8462e+02 6.9619e+01
9.8445e+02 6.7264e+01
9.8427e+02 6.5238e+01
9.8409e+02 6.3485e+01
9.8391e+02 6.1961e+01
9.8374e+02 6.0631e+01
9.8356e+02 5.9466e+01
9.8338e+02 5.8443e+01
9.8321e+02 5.7542e+01
9.8303e+02 5.6748e+01
9.8285e+02 5.6048e+01
9.8267e+02 5.5431e+01
9.8250e+02 5.4886e+01
9.8232e+02 5.4407e+01
9.8214e+02 5.3986e+01
9.8197e+02 5.3618e+01
9.8179e+02 5.3297e+01
9.8161e+02 5.3021e+01
9.8144e+02 5.2784e+01
9.8126e+02 5.2585e+01
9.8108e+02 5.2420e+01
9.8091e+02 5.2286e+01
9.8073e+02 5.2183e+01
9.8056e+02 5.2109e+01
9.8038e+02 5.2061e+01
9.8020e+02 5.2039e+01
9.8003e+02 5.2042e+01
9.7985e+02 5.2069e+01
9.7968e+02 5.2118e+01
9.7950e+02 5.2191e+01
9.7932e+02 5.2286e+01
9.7915e+02 5.2402e+01
9.7897e+02 5.2541e+01
9.7880e+02 5.2701e+01
9.7862e+02 5.2883e+01
9.7845e+02 5.3086e+01
9.7827e+02 5.3312e+01
9.7810e+02 5.3560e+01
9.7792e+02 5.3832e+01
9.7774e+02 5.4126e+01
9.7757e+02 5.4445e+01
9.7739e+02 5.4788e+01
9.7722e+02 5.5157e+01
9.7704e+02 5.5552e+01
9.7687e+02 5.5975e+01
9.7669e+02 5.6427e+01
9.7652e+02 5.6909e+01
9.7635e+02 5.7422e+01
9.7617e+02 5.7969e+01
9.7600e+02 5.8551e+01
9.7582e+02 5.9169e+01
9.7565e+02 5.9827e+01
9.7547e+02 6.0526e+01
9.7530e+02 6.1269e+01
9.7512e+02 6.2059e+01
9.7495e+02 6.2898e+01
9.7478e+02 6.3792e+01
9.7460e+02 6.4743e+01
9.7443e+02 6.5755e+01
9.7425e+02 6.6834e+01
9.7408e+02 6.7984e+01
9.7391e+02 6.9211e+01
9.7373e+02 7.0521e+01
9.7356e+02 7.1922e+01
9.7338e+02 7.3421e+01
9.7321e+02 7.5027e+01
9.7304e+02 7.6750e+01
9.7286e+02 7.8600e+01
9.7269e+02 8.0589e+01
9.7252e+02 8.2732e+01
9.7234e+02 8.5043e+01
9.7217e+02 8.7539e+01
9.7200e+02 9.0242e+01
9.7182e+02 9.3171e+01
9.7165e+02 9.6353e+01
9.7148e+02 9.9815e+01
9.7131e+02 1.0359e+02
9.7113e+02 1.0772e+02
9.7096e+02 1.1224e+02
9.7079e+02 1.1719e+02
9.7061e+02 1.2265e+02
9.7044e+02 1.2867e+02
9.7027e+02 1.3532e+02
9.7010e+02 1.4268e+02
9.6992e+02 1.5087e+02
9.6975e+02 1.5998e+02
9.6958e+02 1.7015e+02
9.6941e+02 1.8152e+02
9.6924e+02 1.9427e+02
9.6906e+02 2.0859e+02
9.6889e+02 2.2470e+02
9.6872e+02 2.4286e+02
9.6855e+02 2.6334e+02
9.6838e+02 2.8647e+02
9.6820e+02 3.1261e+02
9.6803e+02 3.4218e+02
9.6786e+02 3.7565e+02
9.6769e+02 4.1356e+02
9.6752e+02 4.5646e+02
9.6735e+02 5.0490e+02
9.6717e+02 5.5905e+02
9.6700e+02 6.1815e+02
9.6683e+02 6.7928e+02
9.6666e+02 7.3601e+02
9.6649e+02 7.7792e+02
9.6632e+02 7.9357e+02
9.6615e+02 7.7677e+02
9.6598e+02 7.3113e+02
9.6580e+02 6.6781e+02
9.6563e+02 5.9885e+02
9.6546e+02 5.3266e+02
9.6529e+02 4.7336e+02
9.6512e+02 4.2217e+02
9.6495e+02 3.7874e+02
9.6478e+02 3.4218e+02
9.6461e+02 3.1145e+02
9.6444e+02 2.8559e+02
9.6427e+02 2.6377e+02
9.6410e+02 2.4532e+02
9.6393e+02 2.2967e+02
9.6376e+02 2.1639e+02
9.6359e+02 2.0511e+02
9.6342e+02 1.9553e+02
9.6325e+02 1.8742e+02
9.6308e+02 1.8060e+02
9.6291e+02 1.7489e+02
9.6274e+02 1.7017e+02
9.6257e+02 1.6634e+02
9.6240e+02 1.6331e+02
9.6223e+02 1.6101e+02
9.6206e+02 1.5939e+02
9.6189e+02 1.5840e+02
9.6172e+02 1.5801e+02
9.6155e+02 1.5819e+02
9.6138e+02 1.5892e+02
9.6121e+02 1.6018e+02
9.6104e+02 1.6198e+02
9.6087e+02 1.6431e+02
9.6070e+02 1.6717e+02
9.6053e+02 1.7058e+02
9.6037e+02 1.7454e+02
9.6020e+02 1.7909e+02
9.6003e+02 1.8426e+02
9.5986e+02 1.9012e+02
9.5969e+02 1.9676e+02
9.5952e+02 2.0432e+02
9.5935e+02 2.1307e+02
9.5918e+02 2.2341e+02
9.5902e+02 2.3611e+02
9.5885e+02 2.5255e+02
9.5868e+02 2.7544e+02
9.5851e+02 3.1062e+02
9.5834e+02 3.7209e+02
9.5817e+02 4.9987e+02
9.5801e+02 8.4053e+02
9.5784e+02 2.0774e+03
9.5767e+02 3.4512e+03
9.5750e+02 1.3084e+03
9.5733e+02 6.3908e+02
9.5717e+02 4.2826e+02
9.5700e+02 3.3840e+02
9.5683e+02 2.9100e+02
9.5666e+02 2.6180e+02
9.5649e+02 2.4153e+02
9.5633e+02 2.2612e+02
9.5616e+02 2.1358e+02
9.5599e+02 2.0287e+02
9.5582e+02 1.9341e+02
9.5566e+02 1.8487e+02
9.5549e+02 1.7706e+02
9.5532e+02 1.6986e+02
9.5515e+02 1.6318e+02
9.5499e+02 1.5697e+02
9.5482e+02 1.5119e+02
9.5465e+02 1.4581e+02
9.5449e+02 1.4080e+02
9.5432e+02 1.3614e+02
9.5415e+02 1.3180e+02
9.5399e+02 1.2777e+02
9.5382e+02 1.2401e+02
9.5365e+02 1.2053e+02
9.5349e+02 1.1729e+02
9.5332e+02 1.1428e+02
9.5315e+02 1.1149e+02
9.5299e+02 1.0890e+02
9.5282e+02 1.0649e+02
9.5265e+02 1.0426e+02
9.5249e+02 1.0219e+02
9.5232e+02 1.0026e+02
9.5215e+02 9.8481e+01
9.5199e+02 9.6828e+01
9.5182e+02 9.5295e+01
9.5166e+02 9.3874e+01
9.5149e+02 9.2558e+01
9.5132e+02 9.1338e+01
9.5116e+02 9.0209e+01
9.5099e+02 8.9165e+01
9.5083e+02 8.8199e+01
9.5066e+02 8.7306e+01
9.5050e+02 8.6482e+01
9.5033e+02 8.5721e+01
9.5017e+02 8.5020e+01
9.5000e+02 8.4640e+01
