1.1500e+03 7.5982e-01
1.1498e+03 7.6562e-01
1.1495e+03 7.7131e-01
1.1493e+03 7.7684e-01
1.1490e+03 7.8221e-01
1.1488e+03 7.8739e-01
1.1485e+03 7.9238e-01
1.1483e+03 7.9716e-01
1.1481e+03 8.0174e-01
1.1478e+03 8.0609e-01
1.1476e+03 8.1024e-01
1.1473e+03 8.1416e-01
1.1471e+03 8.1788e-01
1.1469e+03 8.2138e-01
1.1466e+03 8.2467e-01
1.1464e+03 8.2776e-01
1.1461e+03 8.3065e-01
1.1459e+03 8.3334e-01
1.1457e+03 8.3585e-01
1.1454e+03 8.3817e-01
1.1452e+03 8.4031e-01
1.1449e+03 8.4228e-01
1.1447e+03 8.4408e-01
1.1445e+03 8.4572e-01
1.1442e+03 8.4719e-01
1.1440e+03 8.4851e-01
1.1437e+03 8.4969e-01
1.1435e+03 8.5071e-01
1.1433e+03 8.5160e-01
1.1430e+03 8.5234e-01
1.1428e+03 8.5296e-01
1.1425e+03 8.5344e-01
1.1423e+03 8.5379e-01
1.1421e+03 8.5401e-01
1.1418e+03 8.5411e-01
1.1416e+03 8.5409e-01
1.1413e+03 8.5396e-01
1.1411e+03 8.5370e-01
1.1409e+03 8.5333e-01
1.1406e+03 8.5284e-01
1.1404e+03 8.5224e-01
1.1401e+03 8.5153e-01
1.1399e+03 8.5071e-01
1.1397e+03 8.4978e-01
1.1394e+03 8.4873e-01
1.1392e+03 8.4758e-01
1.1390e+03 8.4631e-01
1.1387e+03 8.4493e-01
1.1385e+03 8.4344e-01
1.1382e+03 8.4184e-01
1.1380e+03 8.4013e-01
1.1378e+03 8.3829e-01
1.1375e+03 8.3634e-01
1.1373e+03 8.3427e-01
1.1371e+03 8.3208e-01
1.1368e+03 8.2976e-01
1.1366e+03 8.2731e-01
1.1364e+03 8.2473e-01
1.1361e+03 8.2200e-01
1.1359e+03 8.1913e-01
1.1356e+03 8.1611e-01
1.1354e+03 8.1293e-01
1.1352e+03 8.0959e-01
1.1349e+03 8.0606e-01
1.1347e+03 8.0235e-01
1.1345e+03 7.9844e-01
1.1342e+03 7.9432e-01
1.1340e+03 7.8998e-01
1.1338e+03 7.8540e-01
1.1335e+03 7.8056e-01
1.1333e+03 7.7544e-01
1.1330e+03 7.7003e-01
1.1328e+03 7.6429e-01
1.1326e+03 7.5822e-01
1.1323e+03 7.5177e-01
1.1321e+03 7.4492e-01
1.1319e+03 7.3764e-01
1.1316e+03 7.2990e-01
1.1314e+03 7.2165e-01
1.1312e+03 7.1286e-01
1.1309e+03 7.0349e-01
1.1307e+03 6.9350e-01
1.1305e+03 6.8284e-01
1.1302e+03 6.7148e-01
1.1300e+03 6.5936e-01
1.1298e+03 6.4645e-01
1.1295e+03 6.3271e-01
1.1293e+03 6.1813e-01
1.1291e+03 6.0268e-01
1.1288e+03 5.8637e-01
1.1286e+03 5.6924e-01
1.1284e+03 5.5135e-01
1.1281e+03 5.3281e-01
1.1279e+03 5.1377e-01
1.1277e+03 4.9447e-01
1.1274e+03 4.7522e-01
1.1272e+03 4.5641e-01
1.1270e+03 4.3853e-01
1.1267e+03 4.2215e-01
1.1265e+03 4.0791e-01
1.1263e+03 3.9651e-01
1.1260e+03 3.8864e-01
1.1258e+03 3.8490e-01
1.1256e+03 3.8581e-01
1.1253e+03 3.9165e-01
1.1251e+03 4.0248e-01
1.1249e+03 4.1810e-01
1.1246e+03 4.3805e-01
1.1244e+03 4.6167e-01
1.1242e+03 4.8815e-01
1.1239e+03 5.1662e-01
1.1237e+03 5.4625e-01
1.1235e+03 5.7624e-01
1.1233e+03 6.0593e-01
1.1230e+03 6.3480e-01
1.1228e+03 6.6245e-01
1.1226e+03 6.8861e-01
1.1223e+03 7.1310e-01
1.1221e+03 7.3586e-01
1.1219e+03 7.5688e-01
1.1216e+03 7.7619e-01
1.1214e+03 7.9386e-01
1.1212e+03 8.0999e-01
1.1209e+03 8.2469e-01
1.1207e+03 8.3806e-01
1.1205e+03 8.5021e-01
1.1203e+03 8.6126e-01
1.1200e+03 8.7129e-01
1.1198e+03 8.8042e-01
1.1196e+03 8.8871e-01
1.1193e+03 8.9626e-01
1.1191e+03 9.0314e-01
1.1189e+03 9.0941e-01
1.1186e+03 9.1514e-01
1.1184e+03 9.2036e-01
1.1182e+03 9.2515e-01
1.1180e+03 9.2953e-01
1.1177e+03 9.3354e-01
1.1175e+03 9.3723e-01
1.1173e+03 9.4062e-01
1.1170e+03 9.4373e-01
1.1168e+03 9.4660e-01
1.1166e+03 9.4925e-01
1.1164e+03 9.5169e-01
1.1161e+03 9.5395e-01
1.1159e+03 9.5604e-01
1.1157e+03 9.5797e-01
1.1154e+03 9.5976e-01
1.1152e+03 9.6142e-01
1.1150e+03 9.6296e-01
1.1148e+03 9.6439e-01
1.1145e+03 9.6572e-01
1.1143e+03 9.6695e-01
1.1141e+03 9.6810e-01
1.1139e+03 9.6917e-01
1.1136e+03 9.7016e-01
1.1134e+03 9.7109e-01
1.1132e+03 9.7195e-01
1.1129e+03 9.7275e-01
1.1127e+03 9.7349e-01
1.1125e+03 9.7418e-01
1.1123e+03 9.7483e-01
1.1120e+03 9.7542e-01
1.1118e+03 9.7598e-01
1.1116e+03 9.7649e-01
1.1114e+03 9.7696e-01
1.1111e+03 9.7740e-01
1.1109e+03 9.7780e-01
1.1107e+03 9.7817e-01
1.1105e+03 9.7851e-01
1.1102e+03 9.7881e-01
1.1100e+03 9.7909e-01
1.1098e+03 9.7934e-01
1.1095e+03 9.7956e-01
1.1093e+03 9.7975e-01
1.1091e+03 9.7992e-01
1.1089e+03 9.8006e-01
1.1086e+03 9.8018e-01
1.1084e+03 9.8027e-01
1.1082e+03 9.8034e-01
1.1080e+03 9.8038e-01
1.1077e+03 9.8039e-01
1.1075e+03 9.8038e-01
1.1073e+03 9.8035e-01
1.1071e+03 9.8028e-01
1.1068e+03 9.8019e-01
1.1066e+03 9.8008e-01
1.1064e+03 9.7993e-01
1.1062e+03 9.7975e-01
1.1060e+03 9.7955e-01
1.1057e+03 9.7931e-01
1.1055e+03 9.7903e-01
1.1053e+03 9.7872e-01
1.1051e+03 9.7837e-01
1.1048e+03 9.7798e-01
1.1046e+03 9.7754e-01
1.1044e+03 9.7705e-01
1.1042e+03 9.7651e-01
1.1039e+03 9.7592e-01
1.1037e+03 9.7526e-01
1.1035e+03 9.7453e-01
1.1033e+03 9.7372e-01
1.1030e+03 9.7283e-01
1.1028e+03 9.7185e-01
1.1026e+03 9.7076e-01
1.1024e+03 9.6956e-01
1.1022e+03 9.6822e-01
1.1019e+03 9.6674e-01
1.1017e+03 9.6509e-01
1.1015e+03 9.6324e-01
1.1013e+03 9.6118e-01
1.1010e+03 9.5886e-01
1.1008e+03 9.5626e-01
1.1006e+03 9.5331e-01
1.1004e+03 9.4996e-01
1.1002e+03 9.4615e-01
1.0999e+03 9.4180e-01
1.0997e+03 9.3679e-01
1.0995e+03 9.3102e-01
1.0993e+03 9.2433e-01
1.0990e+03 9.1655e-01
1.0988e+03 9.0746e-01
1.0986e+03 8.9682e-01
1.0984e+03 8.8436e-01
1.0982e+03 8.6979e-01
1.0979e+03 8.5286e-01
1.0977e+03 8.3343e-01
1.0975e+03 8.1164e-01
1.0973e+03 7.8816e-01
1.0971e+03 7.6446e-01
1.0968e+03 7.4304e-01
1.0966e+03 7.2726e-01
1.0964e+03 7.2050e-01
1.0962e+03 7.2478e-01
1.0960e+03 7.3966e-01
1.0957e+03 7.6240e-01
1.0955e+03 7.8922e-01
1.0953e+03 8.1671e-01
1.0951e+03 8.4254e-01
1.0949e+03 8.6555e-01
1.0946e+03 8.8538e-01
1.0944e+03 9.0214e-01
1.0942e+03 9.1617e-01
1.0940e+03 9.2786e-01
1.0938e+03 9.3761e-01
1.0935e+03 9.4575e-01
1.0933e+03 9.5257e-01
1.0931e+03 9.5832e-01
1.0929e+03 9.6318e-01
1.0927e+03 9.6732e-01
1.0924e+03 9.7086e-01
1.0922e+03 9.7391e-01
1.0920e+03 9.7654e-01
1.0918e+03 9.7883e-01
1.0916e+03 9.8082e-01
1.0914e+03 9.8257e-01
1.0911e+03 9.8411e-01
1.0909e+03 9.8546e-01
1.0907e+03 9.8667e-01
1.0905e+03 9.8774e-01
1.0903e+03 9.8870e-01
1.0900e+03 9.8956e-01
1.0898e+03 9.9033e-01
1.0896e+03 9.9103e-01
1.0894e+03 9.9165e-01
1.0892e+03 9.9222e-01
1.0890e+03 9.9274e-01
1.0887e+03 9.9321e-01
1.0885e+03 9.9364e-01
1.0883e+03 9.9404e-01
1.0881e+03 9.9440e-01
1.0879e+03 9.9473e-01
1.0877e+03 9.9504e-01
1.0874e+03 9.9532e-01
1.0872e+03 9.9558e-01
1.0870e+03 9.9582e-01
1.0868e+03 9.9604e-01
1.0866e+03 9.9625e-01
1.0864e+03 9.9644e-01
1.0861e+03 9.9662e-01
1.0859e+03 9.9679e-01
1.0857e+03 9.9694e-01
1.0855e+03 9.9709e-01
1.0853e+03 9.9722e-01
1.0851e+03 9.9735e-01
1.0848e+03 9.9747e-01
1.0846e+03 9.9758e-01
1.0844e+03 9.9769e-01
1.0842e+03 9.9779e-01
1.0840e+03 9.9788e-01
1.0838e+03 9.9797e-01
1.0836e+03 9.9805e-01
1.0833e+03 9.9813e-01
1.0831e+03 9.9820e-01
1.0829e+03 9.9827e-01
1.0827e+03 9.9834e-01
1.0825e+03 9.9840e-01
1.0823e+03 9.9846e-01
1.0820e+03 9.9852e-01
1.0818e+03 9.9857e-01
1.0816e+03 9.9863e-01
1.0814e+03 9.9867e-01
1.0812e+03 9.9872e-01
1.0810e+03 9.9876e-01
1.0808e+03 9.9881e-01
1.0805e+03 9.9885e-01
1.0803e+03 9.9889e-01
1.0801e+03 9.9892e-01
1.0799e+03 9.9896e-01
1.0797e+03 9.9899e-01
1.0795e+03 9.9902e-01
1.0793e+03 9.9905e-01
1.0791e+03 9.9908e-01
1.0788e+03 9.9911e-01
1.0786e+03 9.9914e-01
1.0784e+03 9.9916e-01
1.0782e+03 9.9919e-01
1.0780e+03 9.9921e-01
1.0778e+03 9.9923e-01
1.0776e+03 9.9926e-01
1.0773e+03 9.9928e-01
1.0771e+03 9.9930e-01
1.0769e+03 9.9932e-01
1.0767e+03 9.9934e-01
1.0765e+03 9.9935e-01
1.0763e+03 9.9937e-01
1.0761e+03 9.9939e-01
1.0759e+03 9.9940e-01
1.0756e+03 9.9942e-01
1.0754e+03 9.9944e-01
1.0752e+03 9.9945e-01
1.0750e+03 9.9946e-01
1.0748e+03 9.9948e-01
1.0746e+03 9.9949e-01
1.0744e+03 9.9950e-01
1.0742e+03 9.9952e-01
1.0740e+03 9.9953e-01
1.0737e+03 9.9954e-01
1.0735e+03 9.9955e-01
1.0733e+03 9.9956e-01
1.0731e+03 9.9957e-01
1.0729e+03 9.9958e-01
1.0727e+03 9.9959e-01
1.0725e+03 9.9960e-01
1.0723e+03 9.9961e-01
1.0721e+03 9.9962e-01
1.0718e+03 9.9963e-01
1.0716e+03 9.9963e-01
1.0714e+03 9.9964e-01
1.0712e+03 9.9965e-01
1.0710e+03 9.9966e-01
1.0708e+03 9.9966e-01
1.0706e+03 9.9967e-01
1.0704e+03 9.9968e-01
1.0702e+03 9.9968e-01
1.0700e+03 9.9969e-01
1.0697e+03 9.9970e-01
1.0695e+03 9.9970e-01
1.0693e+03 9.9971e-01
1.0691e+03 9.9971e-01
1.0689e+03 9.9972e-01
1.0687e+03 9.9972e-01
1.0685e+03 9.9973e-01
1.0683e+03 9.9973e-01
1.0681e+03 9.9974e-01
1.0679e+03 9.9974e-01
1.0677e+03 9.9975e-01
1.0674e+03 9.9975e-01
1.0672e+03 9.9976e-01
1.0670e+03 9.9976e-01
1.0668e+03 9.9977e-01
1.0666e+03 9.9977e-01
1.0664e+03 9.9977e-01
1.0662e+03 9.9978e-01
1.0660e+03 9.9978e-01
1.0658e+03 9.9978e-01
1.0656e+03 9.9979e-01
1.0654e+03 9.9979e-01
1.0652e+03 9.9979e-01
1.0649e+03 9.9980e-01
1.0647e+03 9.9980e-01
1.0645e+03 9.9980e-01
1.0643e+03 9.9981e-01
1.0641e+03 9.9981e-01
1.0639e+03 9.9981e-01
1.0637e+03 9.9981e-01
1.0635e+03 9.9982e-01
1.0633e+03 9.9982e-01
1.0631e+03 9.9982e-01
1.0629e+03 9.9982e-01
1.0627e+03 9.9983e-01
1.0625e+03 9.9983e-01
1.0622e+03 9.9983e-01
1.0620e+03 9.9983e-01
1.0618e+03 9.9983e-01
1.0616e+03 9.9984e-01
1.0614e+03 9.9984e-01
1.0612e+03 9.9984e-01
1.0610e+03 9.9984e-01
1.0608e+03 9.9984e-01
1.0606e+03 9.9984e-01
1.0604e+03 9.9985e-01
1.0602e+03 9.9985e-01
1.0600e+03 9.9985e-01
1.0598e+03 9.9985e-01
1.0596e+03 9.9985e-01
1.0594e+03 9.9985e-01
1.0592e+03 9.9985e-01
1.0590e+03 9.9986e-01
1.0587e+03 9.9986e-01
1.0585e+03 9.9986e-01
1.0583e+03 9.9986e-01
1.0581e+03 9.9986e-01
1.0579e+03 9.9986e-01
1.0577e+03 9.9986e-01
1.0575e+03 9.9986e-01
1.0573e+03 9.9986e-01
1.0571e+03 9.9986e-01
1.0569e+03 9.9987e-01
1.0567e+03 9.9987e-01
1.0565e+03 9.9987e-01
1.0563e+03 9.9987e-01
1.0561e+03 9.9987e-01
1.0559e+03 9.9987e-01
1.0557e+03 9.9987e-01
1.0555e+03 9.9987e-01
1.0553e+03 9.9987e-01
1.0551e+03 9.9987e-01
1.0549e+03 9.9987e-01
1.0547e+03 9.9987e-01
1.0544e+03 9.9987e-01
1.0542e+03 9.9987e-01
1.0540e+03 9.9987e-01
1.0538e+03 9.9987e-01
1.0536e+03 9.9987e-01
1.0534e+03 9.9987e-01
1.0532e+03 9.9987e-01
1.0530e+03 9.9987e-01
1.0528e+03 9.9987e-01
1.0526e+03 9.9987e-01
1.0524e+03 9.9987e-01
1.0522e+03 9.9987e-01
1.0520e+03 9.9987e-01
1.0518e+03 9.9987e-01
1.0516e+03 9.9987e-01
1.0514e+03 9.9987e-01
1.0512e+03 9.9987e-01
1.0510e+03 9.9987e-01
1.0508e+03 9.9987e-01
1.0506e+03 9.9987e-01
1.0504e+03 9.9987e-01
1.0502e+03 9.9987e-01
1.0500e+03 9.9987e-01
1.0498e+03 9.9987e-01
1.0496e+03 9.9987e-01
1.0494e+03 9.9987e-01
1.0492e+03 9.9987e-01
1.0490e+03 9.9987e-01
1.0488e+03 9.9987e-01
1.0486e+03 9.9987e-01
1.0484e+03 9.9987e-01
1.0482e+03 9.9987e-01
1.0480e+03 9.9987e-01
1.0478e+03 9.9987e-01
1.0476e+03 9.9986e-01
1.0474e+03 9.9986e-01
1.0472e+03 9.9986e-01
1.0470e+03 9.9986e-01
1.0468e+03 9.9986e-01
1.0466e+03 9.9986e-01
1.0464e+03 9.9986e-01
1.0462e+03 9.9986e-01
1.0460e+03 9.9986e-01
1.0458e+03 9.9985e-01
1.0456e+03 9.9985e-01
1.0454e+03 9.9985e-01
1.0452e+03 9.9985e-01
1.0450e+03 9.9985e-01
1.0448e+03 9.9985e-01
1.0446e+03 9.9984e-01
1.0444e+03 9.9984e-01
1.0442e+03 9.9984e-01
1.0440e+03 9.9984e-01
1.0438e+03 9.9984e-01
1.0436e+03 9.9983e-01
1.0434e+03 9.9983e-01
1.0432e+03 9.9983e-01
1.0430e+03 9.9983e-01
1.0428e+03 9.9982e-01
1.0426e+03 9.9982e-01
1.0424e+03 9.9982e-01
1.0422e+03 9.9981e-01
1.0420e+03 9.9981e-01
1.0418e+03 9.9981e-01
1.0416e+03 9.9980e-01
1.0414e+03 9.9980e-01
1.0412e+03 9.9980e-01
1.0410e+03 9.9979e-01
1.0408e+03 9.9979e-01
1.0406e+03 9.9978e-01
1.0404e+03 9.9978e-01
1.0402e+03 9.9977e-01
1.0400e+03 9.9977e-01
1.0398e+03 9.9976e-01
1.0396e+03 9.9976e-01
1.0394e+03 9.9975e-01
1.0392e+03 9.9974e-01
1.0390e+03 9.9974e-01
1.0388e+03 9.9973e-01
1.0386e+03 9.9972e-01
1.0384e+03 9.9972e-01
1.0382e+03 9.9971e-01
1.0380e+03 9.9970e-01
1.0378e+03 9.9969e-01
1.0376e+03 9.9968e-01
1.0374e+03 9.9968e-01
1.0372e+03 9.9967e-01
1.0370e+03 9.9966e-01
1.0368e+03 9.9965e-01
1.0366e+03 9.9963e-01
1.0364e+03 9.9962e-01
1.0362e+03 9.9961e-01
1.0360e+03 9.9960e-01
1.0358e+03 9.9959e-01
1.0356e+03 9.9957e-01
1.0354e+03 9.9956e-01
1.0352e+03 9.9954e-01
1.0350e+03 9.9953e-01
1.0349e+03 9.9951e-01
1.0347e+03 9.9949e-01
1.0345e+03 9.9947e-01
1.0343e+03 9.9945e-01
1.0341e+03 9.9943e-01
1.0339e+03 9.9941e-01
1.0337e+03 9.9939e-01
1.0335e+03 9.9937e-01
1.0333e+03 9.9935e-01
1.0331e+03 9.9932e-01
1.0329e+03 9.9930e-01
1.0327e+03 9.9927e-01
1.0325e+03 9.9925e-01
1.0323e+03 9.9922e-01
1.0321e+03 9.9919e-01
1.0319e+03 9.9917e-01
1.0317e+03 9.9914e-01
1.0315e+03 9.9911e-01
1.0313e+03 9.9908e-01
1.0311e+03 9.9905e-01
1.0309e+03 9.9902e-01
1.0307e+03 9.9899e-01
1.0306e+03 9.9896e-01
1.0304e+03 9.9894e-01
1.0302e+03 9.9891e-01
1.0300e+03 9.9888e-01
1.0298e+03 9.9886e-01
1.0296e+03 9.9884e-01
1.0294e+03 9.9882e-01
1.0292e+03 9.9880e-01
1.0290e+03 9.9878e-01
1.0288e+03 9.9876e-01
1.0286e+03 9.9875e-01
1.0284e+03 9.9874e-01
1.0282e+03 9.9873e-01
1.0280e+03 9.9872e-01
1.0278e+03 9.9872e-01
1.0276e+03 9.9872e-01
1.0274e+03 9.9872e-01
1.0273e+03 9.9872e-01
1.0271e+03 9.9873e-01
1.0269e+03 9.9873e-01
1.0267e+03 9.9874e-01
1.0265e+03 9.9875e-01
1.0263e+03 9.9876e-01
1.0261e+03 9.9878e-01
1.0259e+03 9.9879e-01
1.0257e+03 9.9880e-01
1.0255e+03 9.9882e-01
1.0253e+03 9.9884e-01
1.0251e+03 9.9885e-01
1.0249e+03 9.9887e-01
1.0247e+03 9.9889e-01
1.0246e+03 9.9890e-01
1.0244e+03 9.9892e-01
1.0242e+03 9.9893e-01
1.0240e+03 9.9895e-01
1.0238e+03 9.9897e-01
1.0236e+03 9.9898e-01
1.0234e+03 9.9900e-01
1.0232e+03 9.9901e-01
1.0230e+03 9.9903e-01
1.0228e+03 9.9904e-01
1.0226e+03 9.9905e-01
1.0224e+03 9.9906e-01
1.0223e+03 9.9908e-01
1.0221e+03 9.9909e-01
1.0219e+03 9.9910e-01
1.0217e+03 9.9911e-01
1.0215e+03 9.9912e-01
1.0213e+03 9.9912e-01
1.0211e+03 9.9913e-01
1.0209e+03 9.9914e-01
1.0207e+03 9.9915e-01
1.0205e+03 9.9915e-01
1.0203e+03 9.9916e-01
1.0202e+03 9.9916e-01
1.0200e+03 9.9917e-01
1.0198e+03 9.9917e-01
1.0196e+03 9.9917e-01
1.0194e+03 9.9918e-01
1.0192e+03 9.9918e-01
1.0190e+03 9.9918e-01
1.0188e+03 9.9918e-01
1.0186e+03 9.9918e-01
1.0184e+03 9.9918e-01
1.0182e+03 9.9918e-01
1.0181e+03 9.9917e-01
1.0179e+03 9.9917e-01
1.0177e+03 9.9917e-01
1.0175e+03 9.9916e-01
1.0173e+03 9.9916e-01
1.0171e+03 9.9915e-01
1.0169e+03 9.9914e-01
1.0167e+03 9.9914e-01
1.0165e+03 9.9913e-01
1.0164e+03 9.9912e-01
1.0162e+03 9.9911e-01
1.0160e+03 9.9910e-01
1.0158e+03 9.9909e-01
1.0156e+03 9.9907e-01
1.0154e+03 9.9906e-01
1.0152e+03 9.9905e-01
1.0150e+03 9.9903e-01
1.0148e+03 9.9901e-01
1.0146e+03 9.9899e-01
1.0145e+03 9.9897e-01
1.0143e+03 9.9895e-01
1.0141e+03 9.9893e-01
1.0139e+03 9.9890e-01
1.0137e+03 9.9888e-01
1.0135e+03 9.9885e-01
1.0133e+03 9.9882e-01
1.0131e+03 9.9879e-01
1.0130e+03 9.9876e-01
1.0128e+03 9.9872e-01
1.0126e+03 9.9868e-01
1.0124e+03 9.9864e-01
1.0122e+03 9.9860e-01
1.0120e+03 9.9855e-01
1.0118e+03 9.9850e-01
1.0116e+03 9.9844e-01
1.0115e+03 9.9839e-01
1.0113e+03 9.9832e-01
1.0111e+03 9.9826e-01
1.0109e+03 9.9819e-01
1.0107e+03 9.9811e-01
1.0105e+03 9.9803e-01
1.0103e+03 9.9794e-01
1.0101e+03 9.9785e-01
1.0100e+03 9.9775e-01
1.0098e+03 9.9764e-01
1.0096e+03 9.9753e-01
1.0094e+03 9.9740e-01
1.0092e+03 9.9727e-01
1.0090e+03 9.9713e-01
1.0088e+03 9.9697e-01
1.0086e+03 9.9680e-01
1.0085e+03 9.9663e-01
1.0083e+03 9.9643e-01
1.0081e+03 9.9623e-01
1.0079e+03 9.9601e-01
1.0077e+03 9.9577e-01
1.0075e+03 9.9552e-01
1.0073e+03 9.9525e-01
1.0072e+03 9.9496e-01
1.0070e+03 9.9465e-01
1.0068e+03 9.9433e-01
1.0066e+03 9.9399e-01
1.0064e+03 9.9364e-01
1.0062e+03 9.9327e-01
1.0060e+03 9.9289e-01
1.0059e+03 9.9250e-01
1.0057e+03 9.9211e-01
1.0055e+03 9.9172e-01
1.0053e+03 9.9133e-01
1.0051e+03 9.9096e-01
1.0049e+03 9.9060e-01
1.0047e+03 9.9027e-01
1.0046e+03 9.8998e-01
1.0044e+03 9.8972e-01
1.0042e+03 9.8950e-01
1.0040e+03 9.8933e-01
1.0038e+03 9.8921e-01
1.0036e+03 9.8913e-01
1.0035e+03 9.8911e-01
1.0033e+03 9.8913e-01
1.0031e+03 9.8919e-01
1.0029e+03 9.8929e-01
1.0027e+03 9.8943e-01
1.0025e+03 9.8959e-01
1.0023e+03 9.8977e-01
1.0022e+03 9.8997e-01
1.0020e+03 9.9018e-01
1.0018e+03 9.9039e-01
1.0016e+03 9.9061e-01
1.0014e+03 9.9083e-01
1.0012e+03 9.9104e-01
1.0011e+03 9.9125e-01
1.0009e+03 9.9145e-01
1.0007e+03 9.9165e-01
1.0005e+03 9.9183e-01
1.0003e+03 9.9200e-01
1.0001e+03 9.9217e-01
9.9996e+02 9.9232e-01
9.9978e+02 9.9245e-01
9.9959e+02 9.9258e-01
9.9941e+02 9.9270e-01
9.9923e+02 9.9280e-01
9.9905e+02 9.9289e-01
9.9886e+02 9.9297e-01
9.9868e+02 9.9304e-01
9.9850e+02 9.9310e-01
9.9831e+02 9.9314e-01
9.9813e+02 9.9318e-01
9.9795e+02 9.9320e-01
9.9777e+02 9.9321e-01
9.9758e+02 9.9321e-01
9.9740e+02 9.9320e-01
9.9722e+02 9.9317e-01
9.9704e+02 9.9314e-01
9.9686e+02 9.9309e-01
9.9667e+02 9.9302e-01
9.9649e+02 9.9295e-01
9.9631e+02 9.9286e-01
9.9613e+02 9.9275e-01
9.9595e+02 9.9263e-01
9.9576e+02 9.9250e-01
9.9558e+02 9.9234e-01
9.9540e+02 9.9216e-01
9.9522e+02 9.9197e-01
9.9504e+02 9.9175e-01
9.9486e+02 9.9151e-01
9.9468e+02 9.9124e-01
9.9449e+02 9.9094e-01
9.9431e+02 9.9061e-01
9.9413e+02 9.9024e-01
9.9395e+02 9.8983e-01
9.9377e+02 9.8938e-01
9.9359e+02 9.8887e-01
9.9341e+02 9.8831e-01
9.9323e+02 9.8768e-01
9.9305e+02 9.8698e-01
9.9287e+02 9.8619e-01
9.9268e+02 9.8530e-01
9.9250e+02 9.8430e-01
9.9232e+02 9.8317e-01
9.9214e+02 9.8188e-01
9.9196e+02 9.8040e-01
9.9178e+02 9.7870e-01
9.9160e+02 9.7674e-01
9.9142e+02 9.7445e-01
9.9124e+02 9.7177e-01
9.9106e+02 9.6861e-01
9.9088e+02 9.6483e-01
9.9070e+02 9.6029e-01
9.9052e+02 9.5476e-01
9.9034e+02 9.4794e-01
9.9016e+02 9.3943e-01
9.8998e+02 9.2862e-01
9.8980e+02 9.1466e-01
9.8962e+02 8.9626e-01
9.8945e+02 8.7144e-01
9.8927e+02 8.3713e-01
9.8909e+02 7.8842e-01
9.8891e+02 7.1750e-01
9.8873e+02 6.1261e-01
9.8855e+02 4.5980e-01
9.8837e+02 2.5845e-01
9.8819e+02 6.6961e-02
9.8801e+02 1.8027e-02
9.8783e+02 1.5606e-01
9.8765e+02 3.6192e-01
9.8748e+02 5.3708e-01
9.8730e+02 6.6194e-01
9.8712e+02 7.4711e-01
9.8694e+02 8.0551e-01
9.8676e+02 8.4644e-01
9.8658e+02 8.7589e-01
9.8640e+02 8.9763e-01
9.8623e+02 9.1405e-01
9.8605e+02 9.2673e-01
9.8587e+02 9.3669e-01
9.8569e+02 9.4465e-01
9.8551e+02 9.5111e-01
9.8534e+02 9.5641e-01
9.8516e+02 9.6081e-01
9.8498e+02 9.6450e-01
9.8480e+02 9.6763e-01
9.8462e+02 9.7030e-01
9.8445e+02 9.7259e-01
9.8427e+02 9.7457e-01
9.8409e+02 9.7630e-01
9.8391e+02 9.7781e-01
9.8374e+02 9.7913e-01
9.8356e+02 9.8030e-01
9.8338e+02 9.8134e-01
9.8321e+02 9.8226e-01
9.8303e+02 9.8308e-01
9.8285e+02 9.8381e-01
9.8267e+02 9.8446e-01
9.8250e+02 9.8504e-01
9.8232e+02 9.8557e-01
9.8214e+02 9.8604e-01
9.8197e+02 9.8646e-01
9.8179e+02 9.8683e-01
9.8161e+02 9.8717e-01
9.8144e+02 9.8747e-01
9.8126e+02 9.8774e-01
9.8108e+02 9.8798e-01
9.8091e+02 9.8818e-01
9.8073e+02 9.8836e-01
9.8056e+02 9.8852e-01
9.8038e+02 9.8865e-01
9.8020e+02 9.8877e-01
9.8003e+02 9.8886e-01
9.7985e+02 9.8893e-01
9.7968e+02 9.8898e-01
9.7950e+02 9.8901e-01
9.7932e+02 9.8902e-01
9.7915e+02 9.8902e-01
9.7897e+02 9.8899e-01
9.7880e+02 9.8895e-01
9.7862e+02 9.8890e-01
9.7845e+02 9.8882e-01
9.7827e+02 9.8873e-01
9.7810e+02 9.8861e-01
9.7792e+02 9.8848e-01
9.7774e+02 9.8833e-01
9.7757e+02 9.8816e-01
9.7739e+02 9.8797e-01
9.7722e+02 9.8776e-01
9.7704e+02 9.8752e-01
9.7687e+02 9.8727e-01
9.7669e+02 9.8698e-01
9.7652e+02 9.8667e-01
9.7635e+02 9.8633e-01
9.7617e+02 9.8597e-01
9.7600e+02 9.8557e-01
9.7582e+02 9.8513e-01
9.7565e+02 9.8466e-01
9.7547e+02 9.8415e-01
9.7530e+02 9.8360e-01
9.7512e+02 9.8300e-01
9.7495e+02 9.8235e-01
9.7478e+02 9.8164e-01
9.7460e+02 9.8088e-01
9.7443e+02 9.8005e-01
9.7425e+02 9.7915e-01
9.7408e+02 9.7817e-01
9.7391e+02 9.7711e-01
9.7373e+02 9.7595e-01
9.7356e+02 9.7469e-01
9.7338e+02 9.7332e-01
9.7321e+02 9.7182e-01
9.7304e+02 9.7017e-01
9.7286e+02 9.6837e-01
9.7269e+02 9.6640e-01
9.7252e+02 9.6423e-01
9.7234e+02 9.6184e-01
9.7217e+02 9.5920e-01
9.7200e+02 9.5629e-01
9.7182e+02 9.5307e-01
9.7165e+02 9.4950e-01
9.7148e+02 9.4553e-01
9.7131e+02 9.4111e-01
9.7113e+02 9.3617e-01
9.7096e+02 9.3065e-01
9.7079e+02 9.2447e-01
9.7061e+02 9.1752e-01
9.7044e+02 9.0970e-01
9.7027e+02 9.0088e-01
9.7010e+02 8.9091e-01
9.6992e+02 8.7961e-01
9.6975e+02 8.6680e-01
9.6958e+02 8.5226e-01
9.6941e+02 8.3571e-01
9.6924e+02 8.1690e-01
9.6906e+02 7.9550e-01
9.6889e+02 7.7120e-01
9.6872e+02 7.4366e-01
9.6855e+02 7.1257e-01
9.6838e+02 6.7766e-01
9.6820e+02 6.3880e-01
9.6803e+02 5.9598e-01
9.6786e+02 5.4951e-01
9.6769e+02 5.0000e-01
9.6752e+02 4.4853e-01
9.6735e+02 3.9661e-01
9.6717e+02 3.4619e-01
9.6700e+02 2.9948e-01
9.6683e+02 2.5872e-01
9.6666e+02 2.2582e-01
9.6649e+02 2.0211e-01
9.6632e+02 1.8812e-01
9.6615e+02 1.8355e-01
9.6598e+02 1.8740e-01
9.6580e+02 1.9822e-01
9.6563e+02 2.1434e-01
9.6546e+02 2.3411e-01
9.6529e+02 2.5607e-01
9.6512e+02 2.7899e-01
9.6495e+02 3.0190e-01
9.6478e+02 3.2409e-01
9.6461e+02 3.4507e-01
9.6444e+02 3.6450e-01
9.6427e+02 3.8219e-01
9.6410e+02 3.9803e-01
9.6393e+02 4.1198e-01
9.6376e+02 4.2403e-01
9.6359e+02 4.3423e-01
9.6342e+02 4.4260e-01
9.6325e+02 4.4920e-01
9.6308e+02 4.5408e-01
9.6291e+02 4.5729e-01
9.6274e+02 4.5885e-01
9.6257e+02 4.5882e-01
9.6240e+02 4.5721e-01
9.6223e+02 4.5404e-01
9.6206e+02 4.4933e-01
9.6189e+02 4.4307e-01
9.6172e+02 4.3527e-01
9.6155e+02 4.2591e-01
9.6138e+02 4.1500e-01
9.6121e+02 4.0252e-01
9.6104e+02 3.8847e-01
9.6087e+02 3.7284e-01
9.6070e+02 3.5565e-01
9.6053e+02 3.3692e-01
9.6037e+02 3.1669e-01
9.6020e+02 2.9504e-01
9.6003e+02 2.7209e-01
9.5986e+02 2.4797e-01
9.5969e+02 2.2291e-01
9.5952e+02 1.9715e-01
9.5935e+02 1.7104e-01
9.5918e+02 1.4497e-01
9.5902e+02 1.1941e-01
9.5885e+02 9.4898e-02
9.5868e+02 7.2021e-02
9.5851e+02 5.1394e-02
9.5834e+02 3.3635e-02
9.5817e+02 1.9333e-02
9.5801e+02 9.0044e-03
9.5784e+02 3.0603e-03
9.5767e+02 1.7715e-03
9.5750e+02 5.2468e-03
9.5733e+02 1.3424e-02
9.5717e+02 2.6074e-02
9.5700e+02 4.2821e-02
9.5683e+02 6.3175e-02
9.5666e+02 8.6564e-02
9.5649e+02 1.1238e-01
9.5633e+02 1.3999e-01
9.5616e+02 1.6883e-01
9.5599e+02 1.9833e-01
9.5582e+02 2.2803e-01
9.5566e+02 2.5752e-01
9.5549e+02 2.8647e-01
9.5532e+02 3.1460e-01
9.5515e+02 3.4172e-01
9.5499e+02 3.6768e-01
9.5482e+02 3.9240e-01
9.5465e+02 4.1580e-01
9.5449e+02 4.3788e-01
9.5432e+02 4.5862e-01
9.5415e+02 4.7806e-01
9.5399e+02 4.9621e-01
9.5382e+02 5.1313e-01
9.5365e+02 5.2887e-01
9.5349e+02 5.4347e-01
9.5332e+02 5.5701e-01
9.5315e+02 5.6952e-01
9.5299e+02 5.8107e-01
9.5282e+02 5.9171e-01
9.5265e+02 6.0149e-01
9.5249e+02 6.1046e-01
9.5232e+02 6.1868e-01
9.5215e+02 6.2617e-01
9.5199e+02 6.3298e-01
9.5182e+02 6.3915e-01
9.5166e+02 6.4471e-01
9.5149e+02 6.4970e-01
9.5132e+02 6.5415e-01
9.5116e+02 6.5807e-01
9.5099e+02 6.6151e-01
9.5083e+02 6.6447e-01
9.5066e+02 6.6699e-01
9.5050e+02 6.6907e-01
9.5033e+02 6.7074e-01
9.5017e+02 6.7202e-01
9.5000e+02 6.7291e-01
